959
1477
54
1234
278
490
1330
1204
1190
51
1102
130
1205
1192
967
1322
920
1462
41
755
508
887
1204
1018
1282
1208
1360
1412
1259
819
586
674
1089
1194
961
215
493
883
215
1228
1267
1193
944
585
616
301
348
127
667
639
613
1146
1060
470
1067
997
395
1118
832
626
688
1153
1313
207
224
1299
282
1411
1323
1244
193
363
432
921
465
1056
433
1312
1136
205
843
103
1180
353
1037
258
223
899
279
1022
1071
1142
798
1326
167
945
240
1015
857
691
1340
530
412
549
827
1306
1218
1452
428
398
348
222
550
169
1305
243
1286
1239
390
1115
392
1160
835
543
795
870
397
1125
1059
290
847
1102
845
391
511
248
342
1063
792
501
532
1100
1303
1151
383
587
985
349
376
262
1289
946
801
1048
547
224
297
1075
1250
265
487
1074
950
816
1379
1206
1469
1281
675
1098
1138
1331
1150
1111
513
418
1256
876
1039
277
678
195
516
754
1209
507
1083
1071
1002
235
693
1272
1415
1263
977
246
923
389
492
1232
433
427
429
1124
1312
699
322
949
540
258
823
1192
1485
238
505
768
461
427
969
745
1135
1252
467
1149
1163
963
579
1138
362
1285
923
371
331
472
486
372
276
1003
751
786
557
850
703
283
842
506
626
464
1168
433
354
542
440
302
870
1011
313
1164
316
659
631
1109
678
1163
400
526
664
850
1344
1166
634
1255
1185
524
990
1032
762
1179
1016
533
800
1032
1036
810
766
666
680
1082
1108
487
533
403
1172
663
1482
809
1311
1232
1252
695
608
1333
1139
358
408
614
1103
1101
1425
381
491
1163
1045
1257
1044
1154
1303
472
751
335
1137
1130
1339
1040
1432
874
1019
1162
468
1339
932
1033
1138
771
1249
630
414
1133
382
1051
1006
986
934
492
922
1043
1406
408
740
730
664
1190
1058
1206
1303
611
730
1411
630
955
1495
1211
973
921
674
682
742
1025
1080
1016
397
1057
956
1129
990
694
397
527
666
985
581
1036
1077
1268
860
570
680
974
429
688
989
633
1120
540
573
752
776
443
1341
835
844
788
1321
965
1078
1040
451
1419
1424
515
1253
1084
1423
927
866
803
1024
626
734
1387
1192
970
1014
1071
649
1450
911
984
807
1445
1268
556
667
466
503
770
1196
510
488
1262
501
780
1181
945
1128
827
1439
710
1329
585
536
1111
558
458
1029
469
947
1462
1119
1465
600
1074
810
899
1346
1249
988
1097
875
585
865
572
1267
1263
761
963
933
1148
1327
799
652
518
1172
803
1240
1339
780
958
1014
1041
1364
1074
991
1282
1062
1133
1238
860
685
1032
620
1480
1479
557
1182
1477
972
1073
948
518
1395
563
602
517
517
663
557
749
954
604
700
630
1180
1480
817
831
928
845
1063
1301
1289
770
1436
1061
1361
927
884
893
1056
1171
1361
803
744
915
1134
1278
1114
708
840
595
648
791
1013
987
1255
583
724
1473
1315
735
729
868
825
919
1357
1446
1102
1043
1172
1359
877
1484
1402
912
766
1423
951
1322
940
714
1359
647
853
1466
1069
823
1179
705
685
920
810
1339
715
906
1121
1112
733
751
1070
1386
607
649
758
906
1148
1331
1484
661
971
685
652
698
722
1306
682
893
1227
653
854
928
1080
958
761
628
834
1033
1119
765
948
931
888
1115
1304
1031
889
905
763
1187
1360
1061
851
707
1144
1014
651
1094
854
1091
671
1122
905
1499
1045
1443
1125
1384
774
1049
1175
1479
1227
905
1179
1487
751
775
678
783
1446
792
739
1298
1430
1156
814
1450
1236
1126
1011
1263
868
1298
855
1485
802
738
1117
1069
949
1206
749
1246
753
910
927
991
905
1387
1024
1156
729
1383
903
1001
1499
1327
933
1171
836
1119
1434
758
1110
1111
833
847
1258
823
1403
1123
732
1490
930
732
787
760
1413
1133
1221
1416
736
1008
965
928
1403
1034
1209
788
1452
774
1045
984
912
1062
1180
1272
875
924
978
925
1198
984
932
917
1226
1225
1130
855
1212
826
1045
1209
791
839
979
1221
1113
975
980
999
1475
1112
1238
1007
1477
1338
869
1478
1284
880
1351
983
1181
1338
1020
1203
886
1232
927
1181
936
1070
864
885
1091
1357
807
871
1413
1229
1121
1177
865
1106
978
1414
1101
1477
890
1445
877
1284
849
1134
1039
990
963
1480
1263
1477
860
972
842
1374
859
1485
1478
980
1199
1009
1330
866
946
1271
1273
1157
1194
1386
985
868
1148
1465
1341
882
851
1119
1445
1192
1460
1222
976
873
1322
966
972
1481
958
1097
971
1233
1232
1303
932
1495
961
1239
1249
1093
1110
1012
1302
893
894
1138
1199
920
1499
1063
994
885
1428
1144
939
1049
974
1365
1106
1167
1402
914
1031
1010
1035
1424
918
1057
1115
1413
1112
1039
1351
1307
1373
1019
991
1148
1016
978
995
1241
1148
1436
1056
1031
1008
1112
1189
948
1393
955
935
1310
1195
994
1052
1386
1095
1118
938
1190
1086
1014
955
969
1176
938
1384
1192
1028
1497
1145
1032
1076
1041
1172
1095
1110
1155
1201
1217
1045
1351
1435
1031
989
1108
1068
1191
1057
1383
1169
1178
1180
1016
1248
1181
1085
1125
1112
979
1365
1041
1005
1020
1046
1374
1031
1172
1235
1094
1138
1310
1187
1049
1386
1050
1064
1402
1481
1138
1029
1495
1170
1111
1110
1485
1314
1066
1329
1133
1063
1473
1437
1139
1283
1021
1298
1462
1384
1055
1035
1479
1070
1197
1463
1214
1211
1472
1188
1369
1152
1286
1206
1054
1130
1128
1129
1211
1101
1105
1062
1303
1052
1477
1117
1152
1056
1080
1080
1075
1499
1407
1304
1284
1060
1125
1431
1257
1156
1267
1119
1081
1150
1251
1123
1130
1487
1178
1147
1270
1236
1109
1414
1284
1254
1282
1162
1433
1281
1303
1186
1304
1242
1074
1480
1498
1170
1097
1364
1413
1152
1088
1406
1413
1407
1094
1180
1197
1291
1406
1129
1445
1235
1233
1460
1175
1498
1113
1155
1115
1176
1240
1112
1110
1169
1145
1481
1266
1361
1310
1266
1406
1318
1198
1450
1139
1121
1240
1403
1190
1271
1416
1470
1368
1240
1249
1287
1361
1251
1293
1477
1185
1155
1466
1236
1240
1235
1451
1305
1245
1497
1203
1420
1355
1190
1155
1300
1236
1173
1219
1250
1306
1327
1421
1219
1430
1302
1446
1252
1446
1342
1421
1277
1497
1181
1392
1428
1247
1229
1180
1361
1277
1202
1402
1266
1196
1485
1272
1202
1353
1471
1420
1214
1477
1207
1383
1367
1201
1445
1464
1285
1425
1236
1200
1435
1335
1413
1309
1290
1305
1220
1252
1249
1302
1274
1451
1254
1427
1384
1315
1401
1436
1372
1484
1224
1425
1431
1313
1231
1475
1414
1352
1471
1232
1495
1460
1260
1257
1425
1294
1414
1497
1446
1300
1436
1303
1278
1343
1419
1495
1320
1425
1258
1403
1277
1471
1308
1270
1452
1316
1252
1370
1270
1265
1445
1318
1387
1445
1275
1351
1496
1393
1286
1486
1287
1481
1325
1430
1293
1391
1289
1283
1282
1481
1305
1465
1331
1402
1498
1321
1310
1293
1416
1307
1402
1295
1480
1360
1405
1410
1469
1331
1425
1386
1466
1336
1389
1435
1412
1359
1365
1497
1364
1437
1488
1315
1435
1391
1360
1432
1334
1342
1323
1374
1355
1423
1367
1478
1338
1357
1331
1436
1367
1445
1480
1342
1424
1413
1404
1482
1360
1353
1397
1335
1352
1479
1389
1446
1379
1405
1415
1424
1462
1473
1389
1361
1425
1352
1397
1410
1446
1484
1473
1452
1423
1422
1390
1390
1433
1474
1465
1436
1426
1460
1420
1453
1492
1451
1380
1470
1383
1399
1463
1428
1399
1424
1473
1470
1456
1459
1389
1478
1476
1475
1439
1430
1465
1485
1439
1397
1496
1417
1421
1430
1482
1432
1401
1401
1406
1438
1410
1407
1407
1434
1492
1465
1465
1445
1458
1486
1436
1477
1452
1460
1497
1447
1462
1474
1479
1484
1442
1441
1473
1486
1499
1486
1436
1434
1460
1444
1437
1498
1447
1452
1460
1439
1442
1445
1475
1460
1463
1456
1455
1462
1462
1471
1485
1476
1462
1482
1479
1457
1473
1474
1467
1480
1476
1458
1480
1464
1482
1470
1465
1475
1493
1466
1490
1490
1484
1475
1488
1496
1473
1490
1496
1488
1486
1496
1480
1496
1493
1497
1492
1499
1499
1496
1497
1488
1495
1498
1496
1492
1496
1500
1495
1500
1497
1499
1500
1500
