1.586116316e+12
1.58554036e+12
1.584916548e+12
1.584365138e+12
1.583422167e+12
1.583733995e+12
1.58351961e+12
1.582474731e+12
1.583040627e+12
1.583719609e+12
1.584104654e+12
1.582830878e+12
1.582117498e+12
1.581585663e+12
1.583172348e+12
1.583789734e+12
1.583871319e+12
1.582887047e+12
1.58311234e+12
1.582279673e+12
1.583525332e+12
1.582749901e+12
1.58190727e+12
1.580771449e+12
1.582037919e+12
1.582769955e+12
1.58395376e+12
1.584239194e+12
1.583676672e+12
1.583798568e+12
1.584229805e+12
1.584950056e+12
1.584495996e+12
1.584303421e+12
1.584472262e+12
1.585222715e+12
1.585341968e+12
1.585296424e+12
1.585001998e+12
1.585687147e+12
1.586320584e+12
1.586411205e+12
1.58797006e+12
1.587890118e+12
1.587448903e+12
1.58844696e+12
1.588984404e+12
1.588624774e+12
1.588638559e+12
1.587253811e+12
1.588208998e+12
1.589468443e+12
1.589455747e+12
1.589568304e+12
1.589691927e+12
1.588798218e+12
1.587495328e+12
1.588802756e+12
1.590341964e+12
1.588476551e+12
1.587758392e+12
1.587581353e+12
1.588583675e+12
1.58955894e+12
1.589189326e+12
1.588213005e+12
1.58779124e+12
1.587540879e+12
1.586519013e+12
1.585802823e+12
1.586237611e+12
1.585849182e+12
1.587371095e+12
1.587217256e+12
1.586748885e+12
1.585682099e+12
1.584378833e+12
1.584447906e+12
1.585168974e+12
1.583879493e+12
1.584711301e+12
1.584240073e+12
1.584210037e+12
1.582881666e+12
1.584670478e+12
1.584764065e+12
1.584689468e+12
1.58517539e+12
1.584428922e+12
1.583746049e+12
1.582366558e+12
1.580901931e+12
1.58004202e+12
1.579664851e+12
1.581322972e+12
1.58224093e+12
1.58088744e+12
1.579976312e+12
1.578496427e+12
1.578268555e+12
1.57878872e+12
1.577743622e+12
1.577127321e+12
1.577021916e+12
1.577970463e+12
1.576885791e+12
1.577861083e+12
1.579653847e+12
1.580785732e+12
1.580334609e+12
1.578690408e+12
1.578506618e+12
1.577584267e+12
1.578057513e+12
1.578692836e+12
1.577411813e+12
1.577978646e+12
1.578539372e+12
1.577744271e+12
1.577564636e+12
1.577442489e+12
1.577415382e+12
1.575771118e+12
1.576936544e+12
1.576532268e+12
1.576546126e+12
1.576482027e+12
1.576871744e+12
1.575974474e+12
1.576577972e+12
1.576739817e+12
1.578510196e+12
1.578068597e+12
1.577614142e+12
1.577131631e+12
1.577638579e+12
1.578246935e+12
1.578739717e+12
1.578891945e+12
1.578484703e+12
1.578526362e+12
1.579181873e+12
1.580738323e+12
1.579857632e+12
1.578838905e+12
1.578883194e+12
1.578868964e+12
1.57841707e+12
1.579022085e+12
1.578212755e+12
1.577581225e+12
1.578064094e+12
1.577227655e+12
1.577099346e+12
1.576600157e+12
1.577506926e+12
1.577392474e+12
1.57897667e+12
1.580273156e+12
1.579261434e+12
1.579301645e+12
1.580759976e+12
1.581518633e+12
1.581117245e+12
1.579973637e+12
1.580249784e+12
1.580355343e+12
1.579820092e+12
1.578441537e+12
1.578699324e+12
1.579904313e+12
1.578567418e+12
1.577333232e+12
1.577947188e+12
1.577877085e+12
1.577771656e+12
1.576282418e+12
1.576198084e+12
1.577788245e+12
1.576904022e+12
1.576010358e+12
1.574821505e+12
1.576567635e+12
1.576985016e+12
1.575667854e+12
1.574767311e+12
1.573943978e+12
1.574659847e+12
1.573196017e+12
1.57366917e+12
1.575520801e+12
1.576244665e+12
1.576028665e+12
1.576491469e+12
1.576813946e+12
1.575454338e+12
1.576193289e+12
1.574473841e+12
1.574726465e+12
1.574086861e+12
1.574772684e+12
1.574082814e+12
1.574253797e+12
1.573705436e+12
1.573629521e+12
1.573730401e+12
1.573076611e+12
1.573658941e+12
1.573675489e+12
1.572464375e+12
1.572162483e+12
1.57343285e+12
1.573180367e+12
1.57247712e+12
1.572017385e+12
1.572595223e+12
1.573138918e+12
1.574003333e+12
1.573149557e+12
1.572229421e+12
1.571419506e+12
1.570269876e+12
1.572221088e+12
1.571195174e+12
1.572655832e+12
1.572782037e+12
1.572543998e+12
1.572596123e+12
1.573150364e+12
1.573164949e+12
1.574724954e+12
1.573817535e+12
1.573142249e+12
1.572725754e+12
1.573417457e+12
1.572666256e+12
1.574498126e+12
1.574536038e+12
1.574367168e+12
1.574068101e+12
1.575042384e+12
1.574571621e+12
1.575542921e+12
1.574117237e+12
1.575090711e+12
1.573454792e+12
1.572606946e+12
1.571976632e+12
1.573352612e+12
1.573798473e+12
1.572248023e+12
1.570666604e+12
1.569962835e+12
1.568216114e+12
1.567756264e+12
1.56636567e+12
1.566892637e+12
1.566194748e+12
1.567003764e+12
1.565937488e+12
1.567401667e+12
1.567623204e+12
1.567796993e+12
1.566438403e+12
1.566243445e+12
1.567108937e+12
1.567146629e+12
1.566636058e+12
1.567539461e+12
1.569555767e+12
1.568746129e+12
1.568476331e+12
1.567874391e+12
1.568036052e+12
1.568488055e+12
1.568859588e+12
1.569532814e+12
1.571284455e+12
1.571025674e+12
1.570927396e+12
1.570977414e+12
1.571315667e+12
1.56963597e+12
1.568982219e+12
1.567573751e+12
1.567581687e+12
1.567684827e+12
1.568950809e+12
1.568260857e+12
1.567025528e+12
1.567225234e+12
1.565851978e+12
1.564838186e+12
1.565211681e+12
1.564627318e+12
1.563418569e+12
1.562510071e+12
1.561963401e+12
1.562391564e+12
1.56238647e+12
1.561708622e+12
1.561327146e+12
1.561052255e+12
1.56191995e+12
1.561700136e+12
1.561877247e+12
1.560968993e+12
1.561422404e+12
1.561203672e+12
1.56218412e+12
1.562539253e+12
1.562370539e+12
1.563689241e+12
1.56451216e+12
1.563689696e+12
1.563599929e+12
1.564430785e+12
1.56371146e+12
1.562740192e+12
1.562881096e+12
1.563073926e+12
1.564449847e+12
1.565364978e+12
1.5666915e+12
1.566293433e+12
1.566624201e+12
1.566741974e+12
1.567582892e+12
1.56736699e+12
1.565765443e+12
1.564453783e+12
1.565707517e+12
1.565871977e+12
1.56643291e+12
1.566406856e+12
1.566351501e+12
1.567089546e+12
1.56830272e+12
1.568700776e+12
1.567072606e+12
1.567118745e+12
1.565724451e+12
1.56607505e+12
1.565292407e+12
1.566868516e+12
1.568544134e+12
1.569819208e+12
1.570078689e+12
1.568887498e+12
1.569191304e+12
1.567444206e+12
1.566445845e+12
1.565978088e+12
1.567293605e+12
1.567621766e+12
1.566755942e+12
1.566254743e+12
1.566700678e+12
1.566675772e+12
1.56595867e+12
1.566950541e+12
1.56776146e+12
1.566150608e+12
1.567306939e+12
1.566531308e+12
1.567041885e+12
1.565995377e+12
1.565957791e+12
1.565534059e+12
1.564885608e+12
1.56321985e+12
1.562842258e+12
1.562946995e+12
1.563779321e+12
1.564766569e+12
1.564299932e+12
1.564660392e+12
1.564775231e+12
1.566715559e+12
1.568032311e+12
1.566303472e+12
1.564349218e+12
1.56466761e+12
1.564618498e+12
1.566127244e+12
1.566773797e+12
1.568006344e+12
1.569013892e+12
1.567958896e+12
1.567019054e+12
1.5673095e+12
1.567246374e+12
1.567117451e+12
1.567944529e+12
1.569037734e+12
1.568133179e+12
1.567323351e+12
1.567370049e+12
1.566427908e+12
1.565194348e+12
1.564592594e+12
1.564132179e+12
1.562521027e+12
1.56202401e+12
1.562395921e+12
1.563919501e+12
1.565103331e+12
1.563688217e+12
1.563179152e+12
1.564155827e+12
1.564057466e+12
1.563967045e+12
1.56513695e+12
1.563209497e+12
1.565217447e+12
1.565748615e+12
1.566615198e+12
1.567708212e+12
1.569246928e+12
1.569058515e+12
1.569211687e+12
1.568893365e+12
1.568641826e+12
1.568666075e+12
1.569174831e+12
1.567869014e+12
1.566988708e+12
1.566687636e+12
1.565428516e+12
1.565753553e+12
1.564218921e+12
1.562358047e+12
1.56222267e+12
1.561224369e+12
1.561013962e+12
1.561250495e+12
1.561775774e+12
1.562749197e+12
1.5637181e+12
1.563734314e+12
1.563536928e+12
1.564407471e+12
1.564333264e+12
1.565305783e+12
1.566396356e+12
1.566182616e+12
1.565538819e+12
1.565348491e+12
1.566227766e+12
1.564975201e+12
1.564596459e+12
1.565628906e+12
1.566205503e+12
1.567722706e+12
1.568779403e+12
1.567717271e+12
1.567928658e+12
1.568105048e+12
1.568889328e+12
1.567841595e+12
1.568343022e+12
1.56759267e+12
1.566831547e+12
1.567197597e+12
1.565448944e+12
1.564477413e+12
1.562932512e+12
1.563856622e+12
1.563858515e+12
1.565430001e+12
1.564222841e+12
1.564027348e+12
1.564321893e+12
1.56518801e+12
1.563817552e+12
1.563055186e+12
1.563707563e+12
1.563840792e+12
1.565035581e+12
1.564419749e+12
1.565447897e+12
1.566263945e+12
1.564533077e+12
1.563990337e+12
1.564176106e+12
1.565649416e+12
1.566192029e+12
1.566589184e+12
1.566091402e+12
1.567418294e+12
1.566767716e+12
1.566771362e+12
1.567347902e+12
1.5659362e+12
1.566305896e+12
1.565133783e+12
1.564898034e+12
1.563722829e+12
1.563474826e+12
1.56324097e+12
1.563637251e+12
1.564329572e+12
1.563900222e+12
1.564591049e+12
1.566149486e+12
1.566497163e+12
1.566425623e+12
1.566488953e+12
1.566969859e+12
1.568093109e+12
1.567540607e+12
1.566902177e+12
1.566693992e+12
1.566558105e+12
1.565376934e+12
1.565354518e+12
1.564544459e+12
1.563905901e+12
1.56428064e+12
1.562972798e+12
1.561513648e+12
1.561237809e+12
1.562081097e+12
1.563345971e+12
1.563805914e+12
1.565018898e+12
1.562964175e+12
1.563188369e+12
1.563226148e+12
1.563070906e+12
1.563061244e+12
1.563495304e+12
1.564032382e+12
1.563593371e+12
1.562570774e+12
1.562518805e+12
1.562427471e+12
1.561333334e+12
1.561344696e+12
1.561734267e+12
1.56176338e+12
1.56122224e+12
1.560973381e+12
1.560794309e+12
1.560117283e+12
1.560834736e+12
1.560633248e+12
1.561293646e+12
1.561372541e+12
1.561545792e+12
1.563045832e+12
1.563813062e+12
1.563710474e+12
1.563906318e+12
1.563790938e+12
1.564148292e+12
1.563409636e+12
1.563387017e+12
1.561821083e+12
1.563267689e+12
1.563089828e+12
1.563661715e+12
1.563394897e+12
1.563754114e+12
1.56388699e+12
1.564745059e+12
1.565052307e+12
1.56509385e+12
1.567005265e+12
1.567323875e+12
1.567754988e+12
1.567548033e+12
1.569472987e+12
1.569655241e+12
1.571416697e+12
1.570517142e+12
1.571416849e+12
1.572976817e+12
1.57273766e+12
1.573716263e+12
1.573301997e+12
1.572415397e+12
1.572013746e+12
1.571496892e+12
1.572953619e+12
1.572436588e+12
1.572277089e+12
1.57299516e+12
1.574602994e+12
1.575025044e+12
1.575042237e+12
1.576472209e+12
1.577466147e+12
1.577216522e+12
1.576858228e+12
1.577985042e+12
1.576446002e+12
1.576394956e+12
1.575415829e+12
1.57364072e+12
1.573908285e+12
1.573360271e+12
1.573525691e+12
1.573570726e+12
1.573204966e+12
1.572984358e+12
1.572129838e+12
1.570516302e+12
1.569708177e+12
1.570761985e+12
1.570127051e+12
1.571052145e+12
1.571219351e+12
1.57233025e+12
1.572738491e+12
1.572214941e+12
1.572808808e+12
1.57305755e+12
1.573252071e+12
1.573306288e+12
1.571829596e+12
1.569893827e+12
1.569230533e+12
1.570895262e+12
1.570857352e+12
1.571983247e+12
1.572627307e+12
1.573197841e+12
1.572125207e+12
1.571790139e+12
1.570585564e+12
1.569780494e+12
1.568897413e+12
1.567858257e+12
1.569245707e+12
1.570144349e+12
1.571032068e+12
1.571564999e+12
1.570850104e+12
1.570929699e+12
1.570368954e+12
1.569019125e+12
1.570023814e+12
1.569630275e+12
1.569391345e+12
1.568656791e+12
1.567739702e+12
1.565947156e+12
1.565461344e+12
1.564738776e+12
1.565147931e+12
1.56533291e+12
1.564822056e+12
1.564567918e+12
1.564270143e+12
1.563721378e+12
1.564593135e+12
1.56493942e+12
1.564961189e+12
1.564760312e+12
1.564771529e+12
1.565736207e+12
1.566877743e+12
1.566005879e+12
1.565931401e+12
1.566312904e+12
1.566339681e+12
1.567152923e+12
1.568067357e+12
1.567379239e+12
1.568272076e+12
1.568625764e+12
1.568735302e+12
1.568485344e+12
1.568445493e+12
1.568316101e+12
1.569479073e+12
1.570669616e+12
1.570895162e+12
1.569424838e+12
1.569892813e+12
1.570527514e+12
1.571389653e+12
1.571346773e+12
1.571727336e+12
1.570144216e+12
1.569552573e+12
1.570804892e+12
1.569568057e+12
1.568998182e+12
1.570049624e+12
1.568824007e+12
1.56921881e+12
1.569264305e+12
1.569314307e+12
1.569634632e+12
1.57006163e+12
1.570138409e+12
1.571271976e+12
1.572613408e+12
1.572002069e+12
1.57188099e+12
1.571428626e+12
1.570926824e+12
1.570555787e+12
1.570063572e+12
1.569432379e+12
1.56807683e+12
1.568775158e+12
1.570516994e+12
1.569838605e+12
1.568857424e+12
1.569086478e+12
1.569270228e+12
1.570393651e+12
1.571003267e+12
1.571751381e+12
1.572283161e+12
1.571997613e+12
1.571508892e+12
1.571470798e+12
1.572236691e+12
1.572669837e+12
1.570879061e+12
1.569542966e+12
1.570026114e+12
1.570703147e+12
1.56979405e+12
1.568206493e+12
1.567869609e+12
1.566154461e+12
1.566103048e+12
1.565645085e+12
1.565625056e+12
1.567219325e+12
1.566390326e+12
1.568025566e+12
1.568988641e+12
1.568951578e+12
1.569137661e+12
1.569695089e+12
1.568979636e+12
1.570332023e+12
1.56897102e+12
1.568439318e+12
1.568767645e+12
1.568016257e+12
1.568232669e+12
1.566945292e+12
1.56805584e+12
1.567783532e+12
1.568605544e+12
1.568334501e+12
1.568495339e+12
1.567526575e+12
1.568066921e+12
1.568710906e+12
1.568419176e+12
1.568050425e+12
1.569254336e+12
1.568625722e+12
1.568689307e+12
1.567694321e+12
1.566607745e+12
1.5666513e+12
1.5651031e+12
1.565335009e+12
1.567013804e+12
1.566428678e+12
1.566623523e+12
1.566340919e+12
1.566313221e+12
1.565792614e+12
1.564714912e+12
1.565473695e+12
1.564421385e+12
1.565819494e+12
1.56582689e+12
1.564990992e+12
1.565101724e+12
1.564072184e+12
1.562963977e+12
1.561749238e+12
1.562596139e+12
1.561648769e+12
1.56161275e+12
1.560852513e+12
1.560549129e+12
1.560221379e+12
1.559092392e+12
1.559992918e+12
1.559036555e+12
1.560118636e+12
1.560024176e+12
1.560128721e+12
1.561254357e+12
1.56175918e+12
1.559948151e+12
1.560605098e+12
1.560524796e+12
1.558908611e+12
1.559282954e+12
1.559174955e+12
1.559185646e+12
1.560629771e+12
1.559133071e+12
1.560238935e+12
1.560933686e+12
1.561591865e+12
1.559714348e+12
1.558372347e+12
1.558000986e+12
1.557162746e+12
1.556753489e+12
1.55722903e+12
1.557590903e+12
1.557145627e+12
1.556860932e+12
1.55691942e+12
1.558293878e+12
1.559027679e+12
1.559986694e+12
1.560404789e+12
1.560073187e+12
1.560937741e+12
1.561460382e+12
1.562254416e+12
1.56147631e+12
1.562335404e+12
1.561638902e+12
1.560780495e+12
1.560023404e+12
1.561848728e+12
1.563029805e+12
1.562283405e+12
1.563405371e+12
1.563089748e+12
1.563449213e+12
1.563118445e+12
1.563461001e+12
1.564090433e+12
1.564565147e+12
1.564536343e+12
1.564327534e+12
1.564392991e+12
1.564839729e+12
1.564992793e+12
1.564612974e+12
1.564775016e+12
1.564986569e+12
1.563833724e+12
1.564729567e+12
1.56375265e+12
1.563017902e+12
1.563582142e+12
1.56346978e+12
1.563257672e+12
1.562468462e+12
1.561577995e+12
1.560077497e+12
1.560739269e+12
1.561137878e+12
1.561027773e+12
1.561367385e+12
1.560799588e+12
1.562090567e+12
1.561404661e+12
1.56052124e+12
1.5600242e+12
1.56115501e+12
1.560614146e+12
1.560746538e+12
1.560204578e+12
1.55963491e+12
1.559558493e+12
1.55908199e+12
1.561106544e+12
1.56118319e+12
1.560326869e+12
1.560365981e+12
1.558506696e+12
1.558645014e+12
1.557432485e+12
1.556743768e+12
1.558294821e+12
1.557646531e+12
1.556845452e+12
1.558184397e+12
1.558894382e+12
1.559350319e+12
1.559188766e+12
1.558413039e+12
1.557120102e+12
1.556848444e+12
1.556412329e+12
1.556699078e+12
1.557718398e+12
1.558743862e+12
1.55814719e+12
1.556521987e+12
1.556530776e+12
1.557540724e+12
1.558195396e+12
1.557662226e+12
1.558102507e+12
1.558680761e+12
1.559818572e+12
1.560135922e+12
1.560790823e+12
1.561072313e+12
1.561428775e+12
1.562371875e+12
1.562791683e+12
1.561935615e+12
1.562189998e+12
1.562013376e+12
1.562656502e+12
1.562109806e+12
1.563272129e+12
1.564625239e+12
1.564534481e+12
1.56553525e+12
1.566112634e+12
1.566876422e+12
1.567605533e+12
1.567746802e+12
1.566649855e+12
1.566250803e+12
1.565270052e+12
1.565723917e+12
1.565847146e+12
1.567022668e+12
1.566338996e+12
1.567116898e+12
1.56775925e+12
1.569663342e+12
1.568872014e+12
1.568504694e+12
1.568578653e+12
1.568442226e+12
1.568356396e+12
1.568786816e+12
1.569593489e+12
1.569927467e+12
1.571649303e+12
1.570562875e+12
1.570720231e+12
1.57093771e+12
1.57145207e+12
1.572771748e+12
1.572194854e+12
1.572618455e+12
1.572791419e+12
1.572791909e+12
1.571831814e+12
1.57273389e+12
1.572875649e+12
1.57296609e+12
1.573469114e+12
1.572630122e+12
1.573174427e+12
1.571653197e+12
1.571989727e+12
1.571850361e+12
1.573254515e+12
1.572085915e+12
1.571703157e+12
1.572315983e+12
1.572927546e+12
1.572618747e+12
1.573095146e+12
1.573620879e+12
1.573742501e+12
1.572878089e+12
1.5737378e+12
1.575581258e+12
1.575777902e+12
1.576794969e+12
1.576708421e+12
1.575271941e+12
1.575461204e+12
1.574797762e+12
1.575932366e+12
1.576294593e+12
1.575631641e+12
1.57580615e+12
1.577070453e+12
1.576549259e+12
1.576814209e+12
1.576434053e+12
1.577221351e+12
1.575883123e+12
1.57612922e+12
1.577253049e+12
1.577922938e+12
1.577425705e+12
1.577380933e+12
1.577668065e+12
1.577783659e+12
1.57835045e+12
1.578328782e+12
1.578920775e+12
1.580013299e+12
1.580113253e+12
1.581988317e+12
1.581793069e+12
1.581588998e+12
1.581513222e+12
1.58233504e+12
1.582044422e+12
1.582679649e+12
1.58369073e+12
1.58273667e+12
1.582359018e+12
1.583732326e+12
1.584262797e+12
1.584059654e+12
1.584549782e+12
1.584559059e+12
1.584620866e+12
1.584730838e+12
1.583379929e+12
1.584250992e+12
1.58460706e+12
1.58437998e+12
1.585920933e+12
1.585779768e+12
1.585507917e+12
1.585188517e+12
1.585162946e+12
1.585457885e+12
1.585116818e+12
1.58568324e+12
1.58492322e+12
1.584682107e+12
1.584976109e+12
1.586168324e+12
1.587870624e+12
1.58808885e+12
1.5879554e+12
1.587219597e+12
1.585925567e+12
1.586803199e+12
1.587260819e+12
1.587736621e+12
1.587840077e+12
1.588828168e+12
1.589100827e+12
1.58969441e+12
1.590691778e+12
1.588878761e+12
1.589582316e+12
1.591376259e+12
1.592581788e+12
1.591493928e+12
1.590913308e+12
1.591512305e+12
1.592430764e+12
1.591578292e+12
1.59185789e+12
1.590603295e+12
1.590045762e+12
1.589984293e+12
1.591443603e+12
1.592273534e+12
1.591970952e+12
1.59157678e+12
1.591451442e+12
1.590703676e+12
1.59052773e+12
1.590268943e+12
1.590932858e+12
1.591610366e+12
1.590081726e+12
1.591203262e+12
1.590209087e+12
1.590931387e+12
1.590893531e+12
1.590172015e+12
1.589340415e+12
1.588152443e+12
1.587765393e+12
1.587637348e+12
1.586095835e+12
1.586914315e+12
1.587845893e+12
1.587871244e+12
1.587141238e+12
1.586843791e+12
1.58601667e+12
1.585566261e+12
1.584014219e+12
1.584777049e+12
1.584265172e+12
1.584172439e+12
1.583617717e+12
1.582803257e+12
1.582316352e+12
1.581636292e+12
1.582221551e+12
1.581558699e+12
1.582767336e+12
1.58401651e+12
1.584031166e+12
1.585858647e+12
1.586081873e+12
1.587249838e+12
1.587652135e+12
1.587837504e+12
1.588283954e+12
1.587854651e+12
1.586852048e+12
1.586911447e+12
1.588501583e+12
1.588104951e+12
1.58898283e+12
1.589357061e+12
1.588985779e+12
1.589133653e+12
1.589210436e+12
1.588012034e+12
1.589856982e+12
1.590529207e+12
1.590093635e+12
1.591426706e+12
1.592006198e+12
1.593163387e+12
1.593681998e+12
1.593774585e+12
1.594251714e+12
1.595355584e+12
1.59478532e+12
1.594323603e+12
1.594529162e+12
1.593973554e+12
1.593191835e+12
1.593620619e+12
1.594232977e+12
1.593853554e+12
1.594467708e+12
1.595526515e+12
1.596865274e+12
1.596476824e+12
1.59759503e+12
1.598376441e+12
1.599738843e+12
1.599587445e+12
1.600743087e+12
1.601734207e+12
1.601730682e+12
1.600815624e+12
1.602755825e+12
1.602449765e+12
1.602206932e+12
1.601564077e+12
1.602591088e+12
1.600780263e+12
1.601294597e+12
1.600692736e+12
1.598974498e+12
1.597818478e+12
1.598320486e+12
1.598179467e+12
1.598709214e+12
1.599416782e+12
1.600867639e+12
1.600615666e+12
1.601752018e+12
1.601667749e+12
1.603183838e+12
1.60278686e+12
1.601613913e+12
1.602321278e+12
1.60153585e+12
1.60148111e+12
1.600822402e+12
1.599251892e+12
1.599045754e+12
1.599542688e+12
1.598963298e+12
1.598753635e+12
1.59833551e+12
1.597548839e+12
1.597033116e+12
1.596372157e+12
1.597090115e+12
1.597601403e+12
1.597277102e+12
1.598509395e+12
1.598418821e+12
1.598523766e+12
1.596452556e+12
1.59686399e+12
1.596827916e+12
1.597433937e+12
1.596405455e+12
1.597820238e+12
1.596026802e+12
1.596134672e+12
1.595317702e+12
1.597187839e+12
1.596898731e+12
1.597056298e+12
1.597486316e+12
1.598559263e+12
1.598662091e+12
1.5984334e+12
1.600083322e+12
1.599980011e+12
1.600248254e+12
1.601318786e+12
1.601005812e+12
1.60085593e+12
1.601139792e+12
1.600311094e+12
1.599500254e+12
1.600502074e+12
1.602332147e+12
1.60334449e+12
1.603431119e+12
1.603023134e+12
1.601992938e+12
1.602155841e+12
1.602159291e+12
1.601093021e+12
1.599714461e+12
1.600836912e+12
1.601185425e+12
1.600160913e+12
1.601391233e+12
1.603070261e+12
1.601768402e+12
1.60056213e+12
1.600251242e+12
1.601526883e+12
1.603541043e+12
1.603332982e+12
1.60223245e+12
1.603749048e+12
1.603437676e+12
1.602605386e+12
1.603045033e+12
1.60456817e+12
1.605733483e+12
1.606456991e+12
1.605003947e+12
1.605358419e+12
1.604936264e+12
1.605313293e+12
1.604532624e+12
1.604197098e+12
1.604166142e+12
1.604502761e+12
1.604330138e+12
1.604302632e+12
1.605720465e+12
1.606316765e+12
1.60741171e+12
1.607030572e+12
1.60660236e+12
1.606780143e+12
1.605930549e+12
1.606347961e+12
1.607466956e+12
1.608453957e+12
1.610147011e+12
1.611132682e+12
1.611911622e+12
1.612504143e+12
1.612858928e+12
1.613326496e+12
1.613086728e+12
1.611733677e+12
1.611576899e+12
1.610354959e+12
1.609725416e+12
1.610263077e+12
1.611543093e+12
1.612638878e+12
1.611406085e+12
1.611905432e+12
1.612665691e+12
1.613549427e+12
1.612237909e+12
1.612825545e+12
1.611534291e+12
1.609493121e+12
1.610677058e+12
1.612628233e+12
1.612353409e+12
1.613109133e+12
1.613090607e+12
1.61196619e+12
1.610991842e+12
1.612092311e+12
1.611954894e+12
1.610526117e+12
1.610464773e+12
1.611106297e+12
1.610270041e+12
1.610563482e+12
1.60952509e+12
1.61059655e+12
1.60953694e+12
1.610489253e+12
1.610338773e+12
1.610797103e+12
1.610139595e+12
1.61126913e+12
1.610675762e+12
1.610932945e+12
1.610414343e+12
1.608433751e+12
1.609574669e+12
1.609892032e+12
1.61064656e+12
1.610496224e+12
1.610919902e+12
1.610710882e+12
1.610364237e+12
1.610513092e+12
1.611059796e+12
1.610694625e+12
1.609719062e+12
1.609291419e+12
1.610026717e+12
1.608913737e+12
1.6092048e+12
1.607731271e+12
1.609407298e+12
1.608862105e+12
1.607682018e+12
1.606172169e+12
1.604550952e+12
1.604458739e+12
1.603901202e+12
1.604276989e+12
1.604643106e+12
1.605575545e+12
1.607080867e+12
1.606853617e+12
1.605895754e+12
1.606882474e+12
1.606822115e+12
1.60700517e+12
1.606161771e+12
1.604708456e+12
1.604741175e+12
1.604321454e+12
1.604806602e+12
1.604492677e+12
1.60422181e+12
1.603106178e+12
1.604574567e+12
1.60547562e+12
1.603932345e+12
1.603988548e+12
1.603776621e+12
1.602524409e+12
1.601107084e+12
1.600423699e+12
1.600773779e+12
1.60032385e+12
1.6002781e+12
1.601154446e+12
1.600612304e+12
1.600009017e+12
1.60126115e+12
1.601085126e+12
1.601414278e+12
1.602024249e+12
1.601620975e+12
1.603139747e+12
1.602588955e+12
1.602125322e+12
1.603827149e+12
1.602432958e+12
1.602663493e+12
1.602250556e+12
1.600436643e+12
1.601152326e+12
1.600425464e+12
1.600488168e+12
1.600088219e+12
1.598682262e+12
1.599646019e+12
1.599850279e+12
1.598500526e+12
1.599252355e+12
1.600351887e+12
1.599732292e+12
1.599800737e+12
1.601250348e+12
1.602328309e+12
1.602351003e+12
1.602529477e+12
1.600917812e+12
1.602484703e+12
1.601767826e+12
1.602127621e+12
1.601876179e+12
1.601769273e+12
1.601725794e+12
1.600845641e+12
1.602335427e+12
1.601828315e+12
1.602649989e+12
1.602745584e+12
1.60461649e+12
1.605025227e+12
1.605454393e+12
1.605893499e+12
1.605575374e+12
1.606067243e+12
1.6061064e+12
1.606529802e+12
1.605837945e+12
1.606081362e+12
1.607302494e+12
1.607362466e+12
1.608705415e+12
1.609306953e+12
1.609435369e+12
1.610080446e+12
1.60961246e+12
1.609763571e+12
1.608439638e+12
1.608507471e+12
1.608077989e+12
1.608184663e+12
1.606464808e+12
1.605783883e+12
1.605783651e+12
1.606167801e+12
1.604606724e+12
1.606096277e+12
1.605973315e+12
1.605233912e+12
1.604671576e+12
1.604272036e+12
1.603941371e+12
1.603808201e+12
1.603847767e+12
1.60534646e+12
1.605705159e+12
1.605783882e+12
1.605558494e+12
1.605225335e+12
1.605547476e+12
1.604395736e+12
1.604122549e+12
1.605787639e+12
1.60738492e+12
1.60724015e+12
1.607402833e+12
1.606384645e+12
1.606390985e+12
1.60737722e+12
1.608574348e+12
1.608151205e+12
1.609244114e+12
1.610868871e+12
1.611912287e+12
1.613004965e+12
1.612866387e+12
1.612348726e+12
1.612783474e+12
1.612521933e+12
1.613412353e+12
1.615432249e+12
1.614771169e+12
1.615330923e+12
1.615070165e+12
1.614448651e+12
1.614359615e+12
1.614457555e+12
1.613914764e+12
1.615747824e+12
1.615512606e+12
1.617439439e+12
1.618120759e+12
1.617612354e+12
1.619056794e+12
1.619187912e+12
1.618534735e+12
1.617994375e+12
1.619254788e+12
1.620755435e+12
1.62120131e+12
1.621511368e+12
1.620441388e+12
1.621980173e+12
1.621767504e+12
1.62174094e+12
1.622224918e+12
1.621873671e+12
1.621329447e+12
1.622248173e+12
1.621635386e+12
1.621981581e+12
