x Tfem Texact
0 0 0
0.0005 3.968741556e-06 3.968749112e-06
0.001 7.957376261e-06 7.957391369e-06
0.0015 1.196600308e-05 1.196602574e-05
0.002 1.599472097e-05 1.599475117e-05
0.0025 2.004362888e-05 2.004366662e-05
0.003 2.411282576e-05 2.411287104e-05
0.0035 2.820241055e-05 2.820246337e-05
0.004 3.231248219e-05 3.231254254e-05
0.0045 3.644313961e-05 3.644320749e-05
0.005 4.059448174e-05 4.059455715e-05
0.0055 4.47666075e-05 4.476669043e-05
0.006 4.89596158e-05 4.895970624e-05
0.0065 5.317360556e-05 5.317370351e-05
0.007 5.740867567e-05 5.740878114e-05
0.0075 6.166492504e-05 6.166503801e-05
0.008 6.594245257e-05 6.594257304e-05
0.0085 7.024135712e-05 7.024148509e-05
0.009 7.456173761e-05 7.456187307e-05
0.0095 7.890369288e-05 7.890383584e-05
0.01 8.326732183e-05 8.326747227e-05
0.0105 8.765272331e-05 8.765288124e-05
0.011 9.205999619e-05 9.20601616e-05
0.0115 9.648923931e-05 9.64894122e-05
0.012 0.0001009405515 0.0001009407319
0.0125 0.0001054140317 0.0001054142195
0.013 0.0001099097786 0.0001099099739
0.0135 0.0001144278912 0.0001144280939
0.014 0.0001189684681 0.0001189686784
0.0145 0.0001235316084 0.000123531826
0.015 0.0001281174107 0.0001281176358
0.0155 0.0001327259738 0.0001327262064
0.016 0.0001373573967 0.0001373576367
0.0165 0.000142011778 0.0001420120254
0.017 0.0001466892165 0.0001466894714
0.0175 0.0001513898111 0.0001513900734
0.018 0.0001561136606 0.0001561139303
0.0185 0.0001608608636 0.0001608611407
0.019 0.0001656315189 0.0001656318035
0.0195 0.0001704257254 0.0001704260174
0.02 0.0001752435818 0.0001752438811
0.0205 0.0001800851867 0.0001800854935
0.021 0.000184950639 0.0001849509532
0.0215 0.0001898400374 0.000189840359
0.022 0.0001947534806 0.0001947538096
0.0225 0.0001996910674 0.0001996914037
0.023 0.0002046528964 0.0002046532401
0.0235 0.0002096390663 0.0002096394174
0.024 0.0002146496759 0.0002146500344
0.0245 0.0002196848238 0.0002196851897
0.025 0.0002247446088 0.0002247449821
0.0255 0.0002298291296 0.0002298295102
0.026 0.0002349384847 0.0002349388726
0.0265 0.0002400727728 0.0002400731682
0.027 0.0002452320928 0.0002452324954
0.0275 0.000250416543 0.0002504169531
0.028 0.0002556262224 0.0002556266397
0.0285 0.0002608612294 0.0002608616541
0.029 0.0002661216627 0.0002661220947
0.0295 0.0002714076209 0.0002714080603
0.03 0.0002767192027 0.0002767196494
0.0305 0.0002820565067 0.0002820569607
0.031 0.0002874196315 0.0002874200928
0.0315 0.0002928086756 0.0002928091442
0.032 0.0002982237377 0.0002982242136
0.0325 0.0003036649164 0.0003036653996
0.033 0.0003091323102 0.0003091328007
0.0335 0.0003146260177 0.0003146265155
0.034 0.0003201461375 0.0003201466426
0.0345 0.0003256927681 0.0003256932805
0.035 0.0003312660082 0.0003312665278
0.0355 0.0003368659561 0.000336866483
0.036 0.0003424927105 0.0003424932447
0.0365 0.0003481463699 0.0003481469114
0.037 0.0003538270328 0.0003538275815
0.0375 0.0003595347978 0.0003595353537
0.038 0.0003652697633 0.0003652703265
0.0385 0.0003710320278 0.0003710325982
0.039 0.0003768216898 0.0003768222675
0.0395 0.0003826388478 0.0003826394328
0.04 0.0003884836004 0.0003884841925
0.0405 0.0003943560459 0.0003943566453
0.041 0.0004002562828 0.0004002568894
0.0415 0.0004061844095 0.0004061850234
0.042 0.0004121405246 0.0004121411456
0.0425 0.0004181247264 0.0004181253547
0.043 0.0004241371134 0.0004241377489
0.0435 0.0004301777841 0.0004301784267
0.044 0.0004362468367 0.0004362474865
0.0445 0.0004423443697 0.0004423450268
0.045 0.0004484704816 0.0004484711458
0.0455 0.0004546252707 0.0004546259421
0.046 0.0004608088354 0.0004608095139
0.0465 0.000467021274 0.0004670219597
0.047 0.000473262685 0.0004732633779
0.0475 0.0004795331667 0.0004795338667
0.048 0.0004858328174 0.0004858335245
0.0485 0.0004921617354 0.0004921624498
0.049 0.0004985200192 0.0004985207407
0.0495 0.0005049077671 0.0005049084957
0.05 0.0005113250773 0.000511325813
0.0505 0.0005177720481 0.0005177727909
0.051 0.0005242487779 0.0005242495279
0.0515 0.000530755365 0.000530756122
0.052 0.0005372919076 0.0005372926717
0.0525 0.000543858504 0.0005438592752
0.053 0.0005504552524 0.0005504560308
0.0535 0.0005570822512 0.0005570830367
0.054 0.0005637395986 0.0005637403911
0.0545 0.0005704273928 0.0005704281924
0.055 0.000577145732 0.0005771465387
0.0555 0.0005838947145 0.0005838955282
0.056 0.0005906744384 0.0005906752593
0.0565 0.0005974850021 0.00059748583
0.057 0.0006043265036 0.0006043273385
0.0575 0.0006111990412 0.0006111998831
0.058 0.0006181027129 0.000618103562
0.0585 0.0006250376171 0.0006250384732
0.059 0.0006320038519 0.000632004715
0.0595 0.0006390015153 0.0006390023854
0.06 0.0006460307056 0.0006460315828
0.0605 0.0006530915209 0.000653092405
0.061 0.0006601840593 0.0006601849504
0.0615 0.0006673084188 0.000667309317
0.062 0.0006744646977 0.0006744656028
0.0625 0.000681652994 0.0006816539061
0.063 0.0006888734057 0.0006888743248
0.0635 0.000696126031 0.0006961269571
0.064 0.0007034109679 0.0007034119009
0.0645 0.0007107283145 0.0007107292545
0.065 0.0007180781688 0.0007180791157
0.0655 0.0007254606288 0.0007254615827
0.066 0.0007328757926 0.0007328767535
0.0665 0.0007403237582 0.000740324726
0.067 0.0007478046235 0.0007478055983
0.0675 0.0007553184867 0.0007553194683
0.068 0.0007628654456 0.0007628664342
0.0685 0.0007704455982 0.0007704465937
0.069 0.0007780590426 0.000778060045
0.0695 0.0007857058766 0.0007857068859
0.07 0.0007933861982 0.0007933872144
0.0705 0.0008011001053 0.0008011011284
0.071 0.0008088476959 0.0008088487259
0.0715 0.0008166290678 0.0008166301047
0.072 0.000824444319 0.0008244453628
0.0725 0.0008322935474 0.000832294598
0.073 0.0008401768508 0.0008401779083
0.0735 0.0008480943271 0.0008480953914
0.074 0.0008560460742 0.0008560471453
0.0745 0.0008640321899 0.0008640332679
0.075 0.0008720527721 0.0008720538569
0.0755 0.0008801079185 0.0008801090101
0.076 0.000888197727 0.0008881988254
0.0765 0.0008963222954 0.0008963234007
0.077 0.0009044817216 0.0009044828336
0.0775 0.0009126761032 0.000912677222
0.078 0.000920905538 0.0009209066636
0.0785 0.0009291701239 0.0009291712563
0.079 0.0009374699585 0.0009374710977
0.0795 0.0009458051396 0.0009458062856
0.08 0.0009541757649 0.0009541769177
0.0805 0.0009625819322 0.0009625830917
0.081 0.0009710237391 0.0009710249054
0.0815 0.0009795012834 0.0009795024564
0.082 0.0009880146627 0.0009880158424
0.0825 0.0009965639746 0.0009965651611
0.083 0.001005149317 0.00100515051
0.0835 0.001013770787 0.001013771987
0.084 0.001022428483 0.00102242969
0.0845 0.001031122502 0.001031123716
0.085 0.001039852942 0.001039854162
0.0855 0.001048619901 0.001048621127
0.086 0.001057423475 0.001057424709
0.0865 0.001066263763 0.001066265003
0.087 0.001075140863 0.001075142109
0.0875 0.001084054871 0.001084056124
0.088 0.001093005885 0.001093007145
0.0885 0.001101994003 0.00110199527
0.089 0.001111019323 0.001111020596
0.0895 0.001120081941 0.001120083221
0.09 0.001129181955 0.001129183242
0.0905 0.001138319464 0.001138320757
0.091 0.001147494563 0.001147495863
0.0915 0.001156707351 0.001156708657
0.092 0.001165957925 0.001165959238
0.0925 0.001175246383 0.001175247703
0.093 0.001184572822 0.001184574148
0.0935 0.001193937339 0.001193938672
0.094 0.001203340032 0.001203341371
0.0945 0.001212780998 0.001212782344
0.095 0.001222260334 0.001222261687
0.0955 0.001231778138 0.001231779497
0.096 0.001241334508 0.001241335873
0.0965 0.00125092954 0.001250930912
0.097 0.001260563331 0.00126056471
0.0975 0.00127023598 0.001270237365
0.098 0.001279947583 0.001279948974
0.0985 0.001289698237 0.001289699635
0.099 0.001299488041 0.001299489445
0.0995 0.00130931709 0.001309318501
0.1 0.001319185483 0.001319186901
0.1005 0.001329093317 0.00132909474
0.101 0.001339040688 0.001339042118
0.1015 0.001349027694 0.00134902913
0.102 0.001359054432 0.001359055875
0.1025 0.001369120999 0.001369122449
0.103 0.001379227493 0.001379228949
0.1035 0.00138937401 0.001389375472
0.104 0.001399560648 0.001399562116
0.1045 0.001409787503 0.001409788978
0.105 0.001420054673 0.001420056155
0.1055 0.001430362255 0.001430363743
0.106 0.001440710346 0.00144071184
0.1065 0.001451099043 0.001451100543
0.107 0.001461528443 0.00146152995
0.1075 0.001471998642 0.001472000156
0.108 0.001482509739 0.001482511259
0.1085 0.00149306183 0.001493063356
0.109 0.001503655011 0.001503656543
0.1095 0.001514289381 0.001514290919
0.11 0.001524965035 0.001524966579
0.1105 0.001535682071 0.001535683622
0.111 0.001546440585 0.001546442142
0.1115 0.001557240675 0.001557242238
0.112 0.001568082437 0.001568084007
0.1125 0.001578965968 0.001578967544
0.113 0.001589891366 0.001589892948
0.1135 0.001600858726 0.001600860315
0.114 0.001611868146 0.001611869741
0.1145 0.001622919722 0.001622921323
0.115 0.001634013552 0.001634015159
0.1155 0.001645149732 0.001645151345
0.116 0.001656328358 0.001656329977
0.1165 0.001667549528 0.001667551153
0.117 0.001678813337 0.001678814969
0.1175 0.001690119884 0.001690121522
0.118 0.001701469265 0.001701470909
0.1185 0.001712861575 0.001712863225
0.119 0.001724296912 0.001724298569
0.1195 0.001735775373 0.001735777036
0.12 0.001747297054 0.001747298722
0.1205 0.001758862051 0.001758863726
0.121 0.001770470462 0.001770472143
0.1215 0.001782122382 0.001782124069
0.122 0.001793817909 0.001793819602
0.1225 0.001805557139 0.001805558838
0.123 0.001817340168 0.001817341873
0.1235 0.001829167093 0.001829168804
0.124 0.00184103801 0.001841039727
0.1245 0.001852953016 0.001852954739
0.125 0.001864912207 0.001864913936
0.1255 0.00187691568 0.001876917415
0.126 0.001888963531 0.001888965272
0.1265 0.001901055856 0.001901057603
0.127 0.001913192752 0.001913194505
0.1275 0.001925374315 0.001925376074
0.128 0.001937600641 0.001937602406
0.1285 0.001949871827 0.001949873598
0.129 0.00196218797 0.001962189746
0.1295 0.001974549164 0.001974550947
0.13 0.001986955507 0.001986957296
0.1305 0.001999407095 0.00199940889
0.131 0.002011904024 0.002011905824
0.1315 0.00202444639 0.002024448196
0.132 0.002037034289 0.002037036102
0.1325 0.002049667818 0.002049669636
0.133 0.002062347073 0.002062348897
0.1335 0.00207507215 0.002075073979
0.134 0.002087843144 0.002087844979
0.1345 0.002100660152 0.002100661993
0.135 0.00211352327 0.002113525117
0.1355 0.002126432595 0.002126434448
0.136 0.002139388221 0.00213939008
0.1365 0.002152390246 0.00215239211
0.137 0.002165438764 0.002165440634
0.1375 0.002178533873 0.002178535749
0.138 0.002191675668 0.002191677549
0.1385 0.002204864244 0.002204866131
0.139 0.002218099698 0.002218101591
0.1395 0.002231382126 0.002231384025
0.14 0.002244711624 0.002244713528
0.1405 0.002258088287 0.002258090197
0.141 0.002271512211 0.002271514126
0.1415 0.002284983491 0.002284985413
0.142 0.002298502225 0.002298504152
0.1425 0.002312068507 0.00231207044
0.143 0.002325682434 0.002325684372
0.1435 0.0023393441 0.002339346044
0.144 0.002353053602 0.002353055552
0.1445 0.002366811035 0.00236681299
0.145 0.002380616496 0.002380618456
0.1455 0.002394470079 0.002394472045
0.146 0.002408371879 0.002408373851
0.1465 0.002422321994 0.002422323971
0.147 0.002436320518 0.002436322501
0.1475 0.002450367547 0.002450369535
0.148 0.002464463176 0.00246446517
0.1485 0.002478607501 0.0024786095
0.149 0.002492800618 0.002492802622
0.1495 0.002507042621 0.002507044631
0.15 0.002521333606 0.002521335622
0.1505 0.002535673669 0.00253567569
0.151 0.002550062905 0.002550064931
0.1515 0.002564501409 0.002564503441
0.152 0.002578989277 0.002578991314
0.1525 0.002593526604 0.002593528646
0.153 0.002608113485 0.002608115532
0.1535 0.002622750015 0.002622752068
0.154 0.00263743629 0.002637438349
0.1545 0.002652172405 0.002652174469
0.155 0.002666958456 0.002666960525
0.1555 0.002681794536 0.002681796611
0.156 0.002696680742 0.002696682822
0.1565 0.002711617168 0.002711619253
0.157 0.002726603911 0.002726606001
0.1575 0.002741641063 0.002741643159
0.158 0.002756728722 0.002756730823
0.1585 0.002771866981 0.002771869087
0.159 0.002787055936 0.002787058047
0.1595 0.002802295682 0.002802297798
0.16 0.002817586313 0.002817588435
0.1605 0.002832927925 0.002832930052
0.161 0.002848320613 0.002848322745
0.1615 0.002863764471 0.002863766608
0.162 0.002879259593 0.002879261736
0.1625 0.002894806076 0.002894808224
0.163 0.002910404014 0.002910406166
0.1635 0.002926053501 0.002926055659
0.164 0.002941754633 0.002941756795
0.1645 0.002957507503 0.00295750967
0.165 0.002973312207 0.002973314379
0.1655 0.002989168839 0.002989171017
0.166 0.003005077494 0.003005079677
0.1665 0.003021038267 0.003021040455
0.167 0.003037051252 0.003037053445
0.1675 0.003053116544 0.003053118741
0.168 0.003069234236 0.003069236439
0.1685 0.003085404425 0.003085406632
0.169 0.003101627203 0.003101629416
0.1695 0.003117902666 0.003117904883
0.17 0.003134230908 0.00313423313
0.1705 0.003150612024 0.003150614251
0.171 0.003167046107 0.003167048339
0.1715 0.003183533252 0.003183535488
0.172 0.003200073553 0.003200075795
0.1725 0.003216667105 0.003216669352
0.173 0.003233314002 0.003233316253
0.1735 0.003250014338 0.003250016594
0.174 0.003266768207 0.003266770468
0.1745 0.003283575703 0.003283577969
0.175 0.003300436921 0.003300439192
0.1755 0.003317351955 0.00331735423
0.176 0.003334320898 0.003334323178
0.1765 0.003351343845 0.00335134613
0.177 0.00336842089 0.003368423179
0.1775 0.003385552126 0.00338555442
0.178 0.003402737648 0.003402739946
0.1785 0.003419977549 0.003419979852
0.179 0.003437271924 0.003437274232
0.1795 0.003454620866 0.003454623178
0.18 0.003472024469 0.003472026786
0.1805 0.003489482827 0.003489485148
0.181 0.003506996034 0.003506998359
0.1815 0.003524564182 0.003524566513
0.182 0.003542187367 0.003542189702
0.1825 0.003559865682 0.003559868022
0.183 0.00357759922 0.003577601564
0.1835 0.003595388075 0.003595390423
0.184 0.00361323234 0.003613234693
0.1845 0.00363113211 0.003631134467
0.185 0.003649087477 0.003649089839
0.1855 0.003667098535 0.003667100901
0.186 0.003685165378 0.003685167748
0.1865 0.003703288098 0.003703290473
0.187 0.00372146679 0.003721469169
0.1875 0.003739701546 0.003739703929
0.188 0.00375799246 0.003757994848
0.1885 0.003776339625 0.003776342017
0.189 0.003794743135 0.003794745531
0.1895 0.003813203082 0.003813205483
0.19 0.00383171956 0.003831721965
0.1905 0.003850292662 0.003850295071
0.191 0.003868922481 0.003868924894
0.1915 0.00388760911 0.003887611527
0.192 0.003906352642 0.003906355064
0.1925 0.00392515317 0.003925155596
0.193 0.003944010788 0.003944013218
0.1935 0.003962925587 0.003962928021
0.194 0.003981897661 0.003981900099
0.1945 0.004000927103 0.004000929545
0.195 0.004020014006 0.004020016452
0.1955 0.004039158461 0.004039160912
0.196 0.004058360563 0.004058363018
0.1965 0.004077620404 0.004077622863
0.197 0.004096938076 0.004096940539
0.1975 0.004116313673 0.004116316139
0.198 0.004135747286 0.004135749756
0.1985 0.004155239008 0.004155241483
0.199 0.004174788933 0.004174791411
0.1995 0.004194397151 0.004194399633
0.2 0.004214063757 0.004214066243
0.2005 0.004233788841 0.004233791331
0.201 0.004253572497 0.004253574991
0.2015 0.004273414817 0.004273417315
0.202 0.004293315893 0.004293318395
0.2025 0.004313275818 0.004313278323
0.203 0.004333294683 0.004333297192
0.2035 0.004353372582 0.004353375094
0.204 0.004373509605 0.004373512121
0.2045 0.004393705845 0.004393708365
0.205 0.004413961395 0.004413963918
0.2055 0.004434276345 0.004434278873
0.206 0.004454650789 0.00445465332
0.2065 0.004475084818 0.004475087353
0.207 0.004495578524 0.004495581063
0.2075 0.004516131999 0.004516134541
0.208 0.004536745335 0.004536747881
0.2085 0.004557418623 0.004557421172
0.209 0.004578151956 0.004578154509
0.2095 0.004598945424 0.00459894798
0.21 0.004619799121 0.00461980168
0.2105 0.004640713136 0.004640715699
0.211 0.004661687562 0.004661690128
0.2115 0.004682722491 0.00468272506
0.212 0.004703818013 0.004703820586
0.2125 0.00472497422 0.004724976797
0.213 0.004746191205 0.004746193785
0.2135 0.004767469057 0.00476747164
0.214 0.004788807869 0.004788810456
0.2145 0.004810207731 0.004810210321
0.215 0.004831668735 0.004831671329
0.2155 0.004853190973 0.004853193569
0.216 0.004874774534 0.004874777134
0.2165 0.004896419511 0.004896422114
0.217 0.004918125994 0.0049181286
0.2175 0.004939894075 0.004939896684
0.218 0.004961723844 0.004961726456
0.2185 0.004983615392 0.004983618007
0.219 0.00500556881 0.005005571429
0.2195 0.005027584189 0.005027586811
0.22 0.00504966162 0.005049664245
0.2205 0.005071801194 0.005071803821
0.221 0.005094003 0.005094005631
0.2215 0.005116267131 0.005116269764
0.222 0.005138593675 0.005138596312
0.2225 0.005160982725 0.005160985365
0.223 0.00518343437 0.005183437013
0.2235 0.005205948701 0.005205951347
0.224 0.005228525809 0.005228528457
0.2245 0.005251165783 0.005251168434
0.225 0.005273868714 0.005273871367
0.2255 0.005296634692 0.005296637348
0.226 0.005319463807 0.005319466467
0.2265 0.005342356151 0.005342358813
0.227 0.005365311812 0.005365314477
0.2275 0.00538833088 0.005388333548
0.228 0.005411413447 0.005411416117
0.2285 0.005434559601 0.005434562274
0.229 0.005457769433 0.005457772109
0.2295 0.005481043033 0.005481045711
0.23 0.00550438049 0.00550438317
0.2305 0.005527781894 0.005527784577
0.231 0.005551247335 0.00555125002
0.2315 0.005574776902 0.00557477959
0.232 0.005598370685 0.005598373376
0.2325 0.005622028774 0.005622031467
0.233 0.005645751258 0.005645753954
0.2335 0.005669538227 0.005669540925
0.234 0.00569338977 0.00569339247
0.2345 0.005717305976 0.005717308679
0.235 0.005741286935 0.00574128964
0.2355 0.005765332735 0.005765335443
0.236 0.005789443467 0.005789446176
0.2365 0.005813619219 0.00581362193
0.237 0.00583786008 0.005837862794
0.2375 0.005862166139 0.005862168855
0.238 0.005886537485 0.005886540204
0.2385 0.005910974208 0.005910976928
0.239 0.005935476395 0.005935479118
0.2395 0.005960044137 0.005960046862
0.24 0.005984677521 0.005984680248
0.2405 0.006009376636 0.006009379365
0.241 0.006034141571 0.006034144302
0.2415 0.006058972414 0.006058975147
0.242 0.006083869254 0.006083871989
0.2425 0.00610883218 0.006108834917
0.243 0.006133861279 0.006133864018
0.2435 0.006158956641 0.006158959381
0.244 0.006184118353 0.006184121095
0.2445 0.006209346503 0.006209349247
0.245 0.00623464118 0.006234643927
0.2455 0.006260002473 0.006260005221
0.246 0.006285430468 0.006285433217
0.2465 0.006310925254 0.006310928005
0.247 0.006336486919 0.006336489672
0.2475 0.00636211555 0.006362118305
0.248 0.006387811236 0.006387813992
0.2485 0.006413574064 0.006413576822
0.249 0.006439404123 0.006439406882
0.2495 0.006465301498 0.006465304259
0.25 0.006491266279 0.006491269042
0.2505 0.006517298553 0.006517301317
0.251 0.006543398406 0.006543401172
0.2515 0.006569565927 0.006569568694
0.252 0.006595801203 0.006595803971
0.2525 0.00662210432 0.00662210709
0.253 0.006648475367 0.006648478138
0.2535 0.00667491443 0.006674917202
0.254 0.006701421596 0.006701424369
0.2545 0.006727996952 0.006727999727
0.255 0.006754640586 0.006754643362
0.2555 0.006781352583 0.006781355361
0.256 0.006808133032 0.00680813581
0.2565 0.006834982018 0.006834984797
0.257 0.006861899628 0.006861902409
0.2575 0.006888885949 0.006888888731
0.258 0.006915941067 0.00691594385
0.2585 0.006943065069 0.006943067853
0.259 0.006970258042 0.006970260826
0.2595 0.00699752007 0.006997522856
0.26 0.007024851242 0.007024854028
0.2605 0.007052251642 0.007052254429
0.261 0.007079721357 0.007079724145
0.2615 0.007107260473 0.007107263262
0.262 0.007134869077 0.007134871866
0.2625 0.007162547253 0.007162550043
0.263 0.007190295088 0.007190297879
0.2635 0.007218112667 0.007218115459
0.264 0.007246000077 0.007246002869
0.2645 0.007273957402 0.007273960195
0.265 0.007301984729 0.007301987523
0.2655 0.007330082142 0.007330084937
0.266 0.007358249728 0.007358252523
0.2665 0.007386487571 0.007386490367
0.267 0.007414795757 0.007414798553
0.2675 0.007443174372 0.007443177168
0.268 0.007471623499 0.007471626295
0.2685 0.007500143224 0.007500146021
0.269 0.007528733632 0.007528736429
0.2695 0.007557394808 0.007557397606
0.27 0.007586126837 0.007586129635
0.2705 0.007614929803 0.007614932601
0.271 0.007643803792 0.00764380659
0.2715 0.007672748887 0.007672751685
0.272 0.007701765173 0.007701767971
0.2725 0.007730852735 0.007730855533
0.273 0.007760011657 0.007760014455
0.2735 0.007789242022 0.007789244821
0.274 0.007818543917 0.007818546715
0.2745 0.007847917423 0.007847920222
0.275 0.007877362627 0.007877365425
0.2755 0.00790687961 0.007906882409
0.276 0.007936468458 0.007936471256
0.2765 0.007966129254 0.007966132052
0.277 0.007995862082 0.00799586488
0.2775 0.008025667025 0.008025669822
0.278 0.008055544167 0.008055546964
0.2785 0.008085493591 0.008085496388
0.279 0.008115515382 0.008115518178
0.2795 0.008145609621 0.008145612417
0.28 0.008175776392 0.008175779188
0.2805 0.008206015779 0.008206018574
0.281 0.008236327864 0.008236330659
0.2815 0.008266712731 0.008266715525
0.282 0.008297170462 0.008297173255
0.2825 0.008327701139 0.008327703932
0.283 0.008358304847 0.008358307639
0.2835 0.008388981666 0.008388984458
0.284 0.008419731681 0.008419734471
0.2845 0.008450554972 0.008450557762
0.285 0.008481451624 0.008481454413
0.2855 0.008512421717 0.008512424505
0.286 0.008543465334 0.008543468121
0.2865 0.008574582557 0.008574585343
0.287 0.008605773468 0.008605776253
0.2875 0.008637038149 0.008637040933
0.288 0.008668376682 0.008668379465
0.2885 0.008699789148 0.00869979193
0.289 0.008731275629 0.00873127841
0.2895 0.008762836207 0.008762838987
0.29 0.008794470963 0.008794473742
0.2905 0.008826179979 0.008826182756
0.291 0.008857963335 0.008857966111
0.2915 0.008889821113 0.008889823887
0.292 0.008921753393 0.008921756167
0.2925 0.008953760258 0.00895376303
0.293 0.008985841787 0.008985844557
0.2935 0.009017998062 0.009018000831
0.294 0.009050229162 0.00905023193
0.2945 0.00908253517 0.009082537936
0.295 0.009114916165 0.009114918929
0.2955 0.009147372227 0.00914737499
0.296 0.009179903437 0.009179906198
0.2965 0.009212509876 0.009212512635
0.297 0.009245191622 0.009245194379
0.2975 0.009277948757 0.009277951512
0.298 0.00931078136 0.009310784113
0.2985 0.00934368951 0.009343692262
0.299 0.009376673288 0.009376676038
0.2995 0.009409732773 0.009409735521
0.3 0.009442868045 0.009442870791
0.3005 0.009476079183 0.009476081926
0.301 0.009509366266 0.009509369007
0.3015 0.009542729373 0.009542732112
0.302 0.009576168584 0.009576171321
0.3025 0.009609683978 0.009609686712
0.303 0.009643275633 0.009643278365
0.3035 0.009676943627 0.009676946357
0.304 0.009710688041 0.009710690768
0.3045 0.009744508952 0.009744511677
0.305 0.009778406438 0.009778409161
0.3055 0.009812380579 0.009812383299
0.306 0.009846431452 0.009846434169
0.3065 0.009880559135 0.00988056185
0.307 0.009914763706 0.009914766418
0.3075 0.009949045244 0.009949047953
0.308 0.009983403826 0.009983406532
0.3085 0.01001783953 0.01001784223
0.309 0.01005235243 0.01005235513
0.3095 0.01008694261 0.01008694531
0.31 0.01012161014 0.01012161284
0.3105 0.01015635511 0.0101563578
0.311 0.01019117758 0.01019118027
0.3115 0.01022607764 0.01022608033
0.312 0.01026105536 0.01026105804
0.3125 0.01029611082 0.0102961135
0.313 0.01033124409 0.01033124677
0.3135 0.01036645526 0.01036645793
0.314 0.0104017444 0.01040174707
0.3145 0.01043711158 0.01043711424
0.315 0.01047255688 0.01047255954
0.3155 0.01050808037 0.01050808303
0.316 0.01054368215 0.0105436848
0.3165 0.01057936226 0.01057936492
0.317 0.01061512081 0.01061512346
0.3175 0.01065095785 0.0106509605
0.318 0.01068687347 0.01068687611
0.3185 0.01072286774 0.01072287038
0.319 0.01075894074 0.01075894337
0.3195 0.01079509253 0.01079509516
0.32 0.01083132321 0.01083132583
0.3205 0.01086763283 0.01086763545
0.321 0.01090402148 0.01090402409
0.3215 0.01094048923 0.01094049184
0.322 0.01097703615 0.01097703876
0.3225 0.01101366232 0.01101366493
0.323 0.01105036781 0.01105037042
0.3235 0.01108715271 0.0110871553
0.324 0.01112401707 0.01112401966
0.3245 0.01116096097 0.01116096356
0.325 0.0111979845 0.01119798708
0.3255 0.01123508772 0.0112350903
0.326 0.0112722707 0.01127227327
0.3265 0.01130953352 0.01130953609
0.327 0.01134687625 0.01134687882
0.3275 0.01138429897 0.01138430153
0.328 0.01142180174 0.0114218043
0.3285 0.01145938465 0.0114593872
0.329 0.01149704775 0.0114970503
0.3295 0.01153479114 0.01153479368
0.33 0.01157261487 0.0115726174
0.3305 0.01161051902 0.01161052155
0.331 0.01164850366 0.01164850618
0.3315 0.01168656886 0.01168657138
0.332 0.0117247147 0.01172471722
0.3325 0.01176294125 0.01176294376
0.333 0.01180124857 0.01180125108
0.3335 0.01183963675 0.01183963925
0.334 0.01187810584 0.01187810834
0.3345 0.01191665593 0.01191665842
0.335 0.01195528708 0.01195528957
0.3355 0.01199399937 0.01199400184
0.336 0.01203279286 0.01203279533
0.3365 0.01207166762 0.01207167008
0.337 0.01211062373 0.01211062619
0.3375 0.01214966125 0.0121496637
0.338 0.01218878026 0.0121887827
0.3385 0.01222798082 0.01222798326
0.339 0.01226726301 0.01226726544
0.3395 0.01230662689 0.01230662932
0.34 0.01234607253 0.01234607496
0.3405 0.01238560001 0.01238560243
0.341 0.01242520939 0.0124252118
0.3415 0.01246490074 0.01246490315
0.342 0.01250467413 0.01250467653
0.3425 0.01254452963 0.01254453202
0.343 0.0125844673 0.01258446969
0.3435 0.01262448722 0.0126244896
0.344 0.01266458946 0.01266459183
0.3445 0.01270477407 0.01270477644
0.345 0.01274504113 0.01274504349
0.3455 0.01278539071 0.01278539306
0.346 0.01282582288 0.01282582522
0.3465 0.01286633769 0.01286634003
0.347 0.01290693522 0.01290693756
0.3475 0.01294761554 0.01294761787
0.348 0.01298837871 0.01298838103
0.3485 0.0130292248 0.01302922711
0.349 0.01307015388 0.01307015618
0.3495 0.01311116601 0.0131111683
0.35 0.01315226125 0.01315226354
0.3505 0.01319343969 0.01319344197
0.351 0.01323470137 0.01323470364
0.3515 0.01327604636 0.01327604863
0.352 0.01331747474 0.013317477
0.3525 0.01335898656 0.01335898881
0.353 0.0134005819 0.01340058414
0.3535 0.01344226081 0.01344226304
0.354 0.01348402336 0.01348402559
0.3545 0.01352586962 0.01352587184
0.355 0.01356779965 0.01356780186
0.3555 0.01360981352 0.01360981572
0.356 0.01365191128 0.01365191347
0.3565 0.013694093 0.01369409519
0.357 0.01373635876 0.01373636093
0.3575 0.0137787086 0.01377871077
0.358 0.01382114259 0.01382114476
0.3585 0.01386366081 0.01386366296
0.359 0.0139062633 0.01390626544
0.3595 0.01394895013 0.01394895227
0.36 0.01399172137 0.0139917235
0.3605 0.01403457708 0.01403457919
0.361 0.01407751731 0.01407751942
0.3615 0.01412054214 0.01412054424
0.362 0.01416365162 0.01416365371
0.3625 0.01420684581 0.0142068479
0.363 0.01425012479 0.01425012686
0.3635 0.0142934886 0.01429349066
0.364 0.01433693731 0.01433693936
0.3645 0.01438047097 0.01438047302
0.365 0.01442408966 0.0144240917
0.3655 0.01446779343 0.01446779546
0.366 0.01451158235 0.01451158436
0.3665 0.01455545646 0.01455545847
0.367 0.01459941584 0.01459941783
0.3675 0.01464346053 0.01464346252
0.368 0.01468759061 0.01468759259
0.3685 0.01473180613 0.01473180809
0.369 0.01477610714 0.0147761091
0.3695 0.01482049372 0.01482049566
0.37 0.01486496591 0.01486496784
0.3705 0.01490952377 0.0149095257
0.371 0.01495416737 0.01495416929
0.3715 0.01499889676 0.01499889867
0.372 0.015043712 0.0150437139
0.3725 0.01508861315 0.01508861503
0.373 0.01513360026 0.01513360213
0.3735 0.01517867339 0.01517867525
0.374 0.0152238326 0.01522383445
0.3745 0.01526907795 0.01526907979
0.375 0.01531440949 0.01531441132
0.3755 0.01535982727 0.01535982909
0.376 0.01540533136 0.01540533317
0.3765 0.01545092182 0.01545092361
0.377 0.01549659868 0.01549660047
0.3775 0.01554236202 0.0155423638
0.378 0.01558821189 0.01558821365
0.3785 0.01563414833 0.01563415009
0.379 0.01568017142 0.01568017316
0.3795 0.01572628119 0.01572628292
0.38 0.01577247771 0.01577247943
0.3805 0.01581876103 0.01581876274
0.381 0.01586513121 0.0158651329
0.3815 0.01591158829 0.01591158997
0.382 0.01595813233 0.015958134
0.3825 0.01600476338 0.01600476504
0.383 0.0160514815 0.01605148315
0.3835 0.01609828674 0.01609828838
0.384 0.01614517916 0.01614518078
0.3845 0.01619215879 0.0161921604
0.385 0.01623922571 0.0162392273
0.3855 0.01628637995 0.01628638153
0.386 0.01633362157 0.01633362314
0.3865 0.01638095062 0.01638095217
0.387 0.01642836715 0.01642836869
0.3875 0.01647587121 0.01647587275
0.388 0.01652346286 0.01652346438
0.3885 0.01657114214 0.01657114365
0.389 0.01661890911 0.0166189106
0.3895 0.0166667638 0.01666676528
0.39 0.01671470628 0.01671470775
0.3905 0.0167627366 0.01676273805
0.391 0.01681085479 0.01681085623
0.3915 0.01685906091 0.01685906234
0.392 0.01690735501 0.01690735642
0.3925 0.01695573714 0.01695573854
0.393 0.01700420734 0.01700420872
0.3935 0.01705276567 0.01705276703
0.394 0.01710141216 0.01710141351
0.3945 0.01715014687 0.01715014821
0.395 0.01719896985 0.01719897117
0.3955 0.01724788113 0.01724788244
0.396 0.01729688077 0.01729688207
0.3965 0.01734596882 0.0173459701
0.397 0.01739514531 0.01739514658
0.3975 0.0174444103 0.01744441156
0.398 0.01749376383 0.01749376507
0.3985 0.01754320595 0.01754320717
0.399 0.01759273669 0.0175927379
0.3995 0.01764235611 0.0176423573
0.4 0.01769206425 0.01769206543
0.4005 0.01774186115 0.01774186231
0.401 0.01779174685 0.017791748
0.4015 0.01784172141 0.01784172254
0.402 0.01789178486 0.01789178597
0.4025 0.01794193724 0.01794193834
0.403 0.0179921786 0.01799217969
0.4035 0.01804250899 0.01804251005
0.404 0.01809292843 0.01809292948
0.4045 0.01814343698 0.01814343802
0.405 0.01819403467 0.01819403569
0.4055 0.01824472155 0.01824472256
0.406 0.01829549766 0.01829549865
0.4065 0.01834636304 0.01834636401
0.407 0.01839731772 0.01839731867
0.4075 0.01844836175 0.01844836269
0.408 0.01849949517 0.01849949609
0.4085 0.01855071801 0.01855071892
0.409 0.01860203032 0.01860203121
0.4095 0.01865343214 0.01865343301
0.41 0.01870492349 0.01870492435
0.4105 0.01875650443 0.01875650527
0.411 0.01880817499 0.01880817581
0.4115 0.0188599352 0.018859936
0.412 0.01891178511 0.01891178589
0.4125 0.01896372474 0.01896372551
0.413 0.01901575414 0.01901575489
0.4135 0.01906787335 0.01906787408
0.414 0.01912008239 0.0191200831
0.4145 0.0191723813 0.019172382
0.415 0.01922477013 0.0192247708
0.4155 0.0192772489 0.01927724955
0.416 0.01932981764 0.01932981828
0.4165 0.0193824764 0.01938247702
0.417 0.01943522521 0.01943522581
0.4175 0.0194880641 0.01948806468
0.418 0.0195409931 0.01954099366
0.4185 0.01959401225 0.01959401279
0.419 0.01964712157 0.0196471221
0.4195 0.01970032111 0.01970032161
0.42 0.01975361089 0.01975361138
0.4205 0.01980699094 0.01980699141
0.421 0.0198604613 0.01986046175
0.4215 0.019914022 0.01991402243
0.422 0.01996767306 0.01996767347
0.4225 0.02002141452 0.02002141491
0.423 0.02007524641 0.02007524678
0.4235 0.02012916876 0.02012916911
0.424 0.02018318159 0.02018318192
0.4245 0.02023728493 0.02023728524
0.425 0.02029147882 0.02029147911
0.4255 0.02034576328 0.02034576354
0.426 0.02040013833 0.02040013858
0.4265 0.02045460402 0.02045460424
0.427 0.02050916035 0.02050916056
0.4275 0.02056380737 0.02056380755
0.428 0.02061854509 0.02061854525
0.4285 0.02067337354 0.02067337368
0.429 0.02072829275 0.02072829287
0.4295 0.02078330274 0.02078330284
0.43 0.02083840353 0.02083840361
0.4305 0.02089359516 0.02089359522
0.431 0.02094887764 0.02094887768
0.4315 0.02100425101 0.02100425102
0.432 0.02105971527 0.02105971526
0.4325 0.02111527046 0.02111527043
0.433 0.02117091659 0.02117091654
0.4335 0.0212266537 0.02122665362
0.434 0.02128248179 0.02128248169
0.4345 0.0213384009 0.02133840078
0.435 0.02139441104 0.02139441089
0.4355 0.02145051223 0.02145051206
0.436 0.0215067045 0.02150670431
0.4365 0.02156298786 0.02156298764
0.437 0.02161936233 0.02161936209
0.4375 0.02167582793 0.02167582767
0.438 0.02173238468 0.0217323844
0.4385 0.0217890326 0.02178903229
0.439 0.02184577171 0.02184577138
0.4395 0.02190260202 0.02190260166
0.44 0.02195952354 0.02195952316
0.4405 0.02201653631 0.0220165359
0.441 0.02207364032 0.02207363989
0.4415 0.0221308356 0.02213083515
0.442 0.02218812217 0.02218812169
0.4425 0.02224550003 0.02224549952
0.443 0.0223029692 0.02230296867
0.4435 0.0223605297 0.02236052914
0.444 0.02241818153 0.02241818095
0.4445 0.02247592472 0.02247592412
0.445 0.02253375927 0.02253375864
0.4455 0.0225916852 0.02259168454
0.446 0.02264970251 0.02264970183
0.4465 0.02270781123 0.02270781052
0.447 0.02276601135 0.02276601062
0.4475 0.0228243029 0.02282430214
0.448 0.02288268587 0.02288268509
0.4485 0.02294116028 0.02294115948
0.449 0.02299972615 0.02299972531
0.4495 0.02305838347 0.0230583826
0.45 0.02311713225 0.02311713136
0.4505 0.02317597251 0.02317597159
0.451 0.02323490424 0.0232349033
0.4515 0.02329392746 0.0232939265
0.452 0.02335304218 0.02335304118
0.4525 0.02341224839 0.02341224737
0.453 0.02347154611 0.02347154506
0.4535 0.02353093534 0.02353093426
0.454 0.02359041607 0.02359041497
0.4545 0.02364998833 0.02364998719
0.455 0.0237096521 0.02370965094
0.4555 0.0237694074 0.02376940621
0.456 0.02382925422 0.023829253
0.4565 0.02388919257 0.02388919132
0.457 0.02394922245 0.02394922117
0.4575 0.02400934385 0.02400934255
0.458 0.02406955679 0.02406955545
0.4585 0.02412986125 0.02412985989
0.459 0.02419025725 0.02419025585
0.4595 0.02425074477 0.02425074335
0.46 0.02431132382 0.02431132237
0.4605 0.02437199439 0.02437199291
0.461 0.02443275648 0.02443275497
0.4615 0.02449361009 0.02449360855
0.462 0.02455455522 0.02455455365
0.4625 0.02461559186 0.02461559025
0.463 0.02467672 0.02467671837
0.4635 0.02473793964 0.02473793798
0.464 0.02479925078 0.02479924908
0.4645 0.0248606534 0.02486065168
0.465 0.02492214751 0.02492214576
0.4655 0.02498373309 0.02498373131
0.466 0.02504541014 0.02504540832
0.4665 0.02510717864 0.0251071768
0.467 0.0251690386 0.02516903672
0.4675 0.02523098999 0.02523098808
0.468 0.02529303281 0.02529303087
0.4685 0.02535516706 0.02535516508
0.469 0.0254173927 0.0254173907
0.4695 0.02547970975 0.02547970771
0.47 0.02554211818 0.0255421161
0.4705 0.02560461798 0.02560461587
0.471 0.02566720913 0.02566720699
0.4715 0.02572989163 0.02572988946
0.472 0.02579266546 0.02579266325
0.4725 0.0258555306 0.02585552836
0.473 0.02591848704 0.02591848476
0.4735 0.02598153475 0.02598153245
0.474 0.02604467374 0.0260446714
0.4745 0.02610790397 0.0261079016
0.475 0.02617122543 0.02617122302
0.4755 0.0262346381 0.02623463566
0.476 0.02629814196 0.02629813949
0.4765 0.02636173699 0.02636173448
0.477 0.02642542318 0.02642542063
0.4775 0.02648920049 0.02648919791
0.478 0.02655306891 0.02655306629
0.4785 0.02661702842 0.02661702577
0.479 0.02668107899 0.0266810763
0.4795 0.0267452206 0.02674521787
0.48 0.02680945322 0.02680945046
0.4805 0.02687377684 0.02687377404
0.481 0.02693819142 0.02693818858
0.4815 0.02700269693 0.02700269407
0.482 0.02706729337 0.02706729046
0.4825 0.02713198068 0.02713197774
0.483 0.02719675886 0.02719675588
0.4835 0.02726162786 0.02726162485
0.484 0.02732658766 0.02732658461
0.4845 0.02739163824 0.02739163515
0.485 0.02745677955 0.02745677642
0.4855 0.02752201157 0.02752200841
0.486 0.02758733427 0.02758733107
0.4865 0.02765274761 0.02765274437
0.487 0.02771825156 0.02771824828
0.4875 0.02778384609 0.02778384278
0.488 0.02784953116 0.02784952781
0.4885 0.02791530674 0.02791530335
0.489 0.0279811728 0.02798116936
0.4895 0.02804712928 0.02804712581
0.49 0.02811317617 0.02811317266
0.4905 0.02817931341 0.02817930986
0.491 0.02824554098 0.02824553739
0.4915 0.02831185883 0.0283118552
0.492 0.02837826692 0.02837826325
0.4925 0.02844476522 0.02844476151
0.493 0.02851135367 0.02851134992
0.4935 0.02857803224 0.02857802845
0.494 0.02864480089 0.02864479706
0.4945 0.02871165957 0.0287116557
0.495 0.02877860824 0.02877860433
0.4955 0.02884564685 0.0288456429
0.496 0.02891277536 0.02891277137
0.4965 0.02897999373 0.02897998969
0.497 0.02904730189 0.02904729781
0.4975 0.02911469981 0.02911469569
0.498 0.02918218744 0.02918218328
0.4985 0.02924976473 0.02924976052
0.499 0.02931743162 0.02931742737
0.4995 0.02938518808 0.02938518378
0.5 0.02945303403 0.0294530297
0.5005 0.02952096945 0.02952096507
0.501 0.02958899426 0.02958898984
0.5015 0.02965710842 0.02965710395
0.502 0.02972531187 0.02972530736
0.5025 0.02979360455 0.0297936
0.503 0.02986198642 0.02986198182
0.5035 0.02993045741 0.02993045277
0.504 0.02999901746 0.02999901278
0.5045 0.03006766653 0.03006766179
0.505 0.03013640454 0.03013639976
0.5055 0.03020523143 0.03020522661
0.506 0.03027414715 0.03027414229
0.5065 0.03034315164 0.03034314673
0.507 0.03041224483 0.03041223987
0.5075 0.03048142666 0.03048142165
0.508 0.03055069706 0.03055069201
0.5085 0.03062005597 0.03062005087
0.509 0.03068950332 0.03068949818
0.5095 0.03075903906 0.03075903386
0.51 0.0308286631 0.03082865786
0.5105 0.03089837538 0.03089837009
0.511 0.03096817583 0.0309681705
0.5115 0.03103806438 0.031038059
0.512 0.03110804097 0.03110803554
0.5125 0.03117810551 0.03117810003
0.513 0.03124825794 0.03124825241
0.5135 0.03131849818 0.03131849261
0.514 0.03138882616 0.03138882054
0.5145 0.03145924181 0.03145923613
0.515 0.03152974504 0.03152973932
0.5155 0.03160033578 0.03160033001
0.516 0.03167101395 0.03167100813
0.5165 0.03174177947 0.0317417736
0.517 0.03181263227 0.03181262635
0.5175 0.03188357226 0.03188356629
0.518 0.03195459937 0.03195459335
0.5185 0.0320257135 0.03202570743
0.519 0.03209691458 0.03209690846
0.5195 0.03216820252 0.03216819634
0.52 0.03223957723 0.03223957101
0.5205 0.03231103864 0.03231103236
0.521 0.03238258665 0.03238258032
0.5215 0.03245422117 0.03245421479
0.522 0.03252594212 0.03252593569
0.5225 0.03259774941 0.03259774293
0.523 0.03266964294 0.03266963641
0.5235 0.03274162263 0.03274161604
0.524 0.03281368838 0.03281368174
0.5245 0.0328858401 0.0328858334
0.525 0.03295807768 0.03295807094
0.5255 0.03303040105 0.03303039425
0.526 0.0331028101 0.03310280324
0.5265 0.03317530473 0.03317529782
0.527 0.03324788484 0.03324787788
0.5275 0.03332055034 0.03332054332
0.528 0.03339330113 0.03339329405
0.5285 0.0334661371 0.03346612997
0.529 0.03353905814 0.03353905096
0.5295 0.03361206417 0.03361205693
0.53 0.03368515506 0.03368514777
0.5305 0.03375833073 0.03375832337
0.531 0.03383159105 0.03383158364
0.5315 0.03390493592 0.03390492846
0.532 0.03397836524 0.03397835772
0.5325 0.03405187889 0.03405187131
0.533 0.03412547676 0.03412546913
0.5335 0.03419915875 0.03419915105
0.534 0.03427292473 0.03427291698
0.5345 0.03434677459 0.03434676678
0.535 0.03442070823 0.03442070036
0.5355 0.03449472551 0.03449471759
0.536 0.03456882633 0.03456881835
0.5365 0.03464301057 0.03464300253
0.537 0.03471727811 0.03471727
0.5375 0.03479162882 0.03479162065
0.538 0.03486606258 0.03486605436
0.5385 0.03494057928 0.034940571
0.539 0.03501517879 0.03501517044
0.5395 0.03508986098 0.03508985257
0.54 0.03516462572 0.03516461726
0.5405 0.0352394729 0.03523946437
0.541 0.03531440238 0.03531439379
0.5415 0.03538941403 0.03538940538
0.542 0.03546450772 0.03546449901
0.5425 0.03553968332 0.03553967454
0.543 0.03561494069 0.03561493186
0.5435 0.03569027971 0.03569027081
0.544 0.03576570023 0.03576569127
0.5445 0.03584120213 0.0358411931
0.545 0.03591678525 0.03591677617
0.5455 0.03599244947 0.03599244032
0.546 0.03606819465 0.03606818543
0.5465 0.03614402063 0.03614401135
0.547 0.03621992729 0.03621991794
0.5475 0.03629591447 0.03629590506
0.548 0.03637198203 0.03637197255
0.5485 0.03644812982 0.03644812028
0.549 0.0365243577 0.0365243481
0.5495 0.03660066552 0.03660065585
0.55 0.03667705313 0.0366770434
0.5505 0.03675352038 0.03675351058
0.551 0.03683006711 0.03683005724
0.5515 0.03690669317 0.03690668323
0.552 0.0369833984 0.0369833884
0.5525 0.03706018266 0.03706017259
0.553 0.03713704578 0.03713703564
0.5535 0.0372139876 0.0372139774
0.554 0.03729100796 0.03729099769
0.5545 0.03736810671 0.03736809637
0.555 0.03744528368 0.03744527327
0.5555 0.0375225387 0.03752252822
0.556 0.03759987161 0.03759986106
0.5565 0.03767728224 0.03767727162
0.557 0.03775477043 0.03775475974
0.5575 0.037832336 0.03783232525
0.558 0.03790997879 0.03790996796
0.5585 0.03798769862 0.03798768772
0.559 0.03806549532 0.03806548435
0.5595 0.03814336871 0.03814335767
0.56 0.03822131862 0.03822130751
0.5605 0.03829934488 0.03829933369
0.561 0.03837744729 0.03837743604
0.5615 0.03845562568 0.03845561436
0.562 0.03853387988 0.03853386848
0.5625 0.03861220969 0.03861219821
0.563 0.03869061493 0.03869060338
0.5635 0.03876909541 0.03876908379
0.564 0.03884765096 0.03884763926
0.5645 0.03892628137 0.0389262696
0.565 0.03900498646 0.03900497462
0.5655 0.03908376604 0.03908375412
0.566 0.03916261991 0.03916260792
0.5665 0.03924154788 0.03924153581
0.567 0.03932054975 0.03932053761
0.5675 0.03939962533 0.03939961311
0.568 0.03947877441 0.03947876212
0.5685 0.03955799679 0.03955798443
0.569 0.03963729228 0.03963727984
0.5695 0.03971666067 0.03971664815
0.57 0.03979610175 0.03979608915
0.5705 0.03987561532 0.03987560264
0.571 0.03995520116 0.03995518841
0.5715 0.04003485908 0.04003484625
0.572 0.04011458885 0.04011457594
0.5725 0.04019439026 0.04019437727
0.573 0.04027426311 0.04027425004
0.5735 0.04035420716 0.04035419402
0.574 0.04043422222 0.04043420899
0.5745 0.04051430805 0.04051429474
0.575 0.04059446443 0.04059445104
0.5755 0.04067469115 0.04067467768
0.576 0.04075498797 0.04075497442
0.5765 0.04083535468 0.04083534105
0.577 0.04091579105 0.04091577733
0.5775 0.04099629684 0.04099628304
0.578 0.04107687182 0.04107685795
0.5785 0.04115751577 0.04115750181
0.579 0.04123822845 0.04123821441
0.5795 0.04131900962 0.0413189955
0.58 0.04139985905 0.04139984484
0.5805 0.04148077649 0.0414807622
0.581 0.04156176172 0.04156174734
0.5815 0.04164281447 0.04164280001
0.582 0.04172393452 0.04172391997
0.5825 0.0418051216 0.04180510698
0.583 0.04188637549 0.04188636078
0.5835 0.04196769592 0.04196768112
0.584 0.04204908265 0.04204906776
0.5845 0.04213053542 0.04213052045
0.585 0.04221205398 0.04221203892
0.5855 0.04229363807 0.04229362292
0.586 0.04237528743 0.0423752722
0.5865 0.04245700181 0.04245698649
0.587 0.04253878094 0.04253876553
0.5875 0.04262062455 0.04262060905
0.588 0.04270253239 0.0427025168
0.5885 0.04278450418 0.04278448851
0.589 0.04286653966 0.0428665239
0.5895 0.04294863855 0.0429486227
0.59 0.04303080059 0.04303078465
0.5905 0.04311302549 0.04311300946
0.591 0.04319531299 0.04319529686
0.5915 0.04327766279 0.04327764658
0.592 0.04336007463 0.04336005833
0.5925 0.04344254822 0.04344253182
0.593 0.04352508327 0.04352506678
0.5935 0.0436076795 0.04360766292
0.594 0.04369033663 0.04369031995
0.5945 0.04377305435 0.04377303758
0.595 0.04385583239 0.04385581552
0.5955 0.04393867043 0.04393865348
0.596 0.0440215682 0.04402155115
0.5965 0.04410452539 0.04410450825
0.597 0.0441875417 0.04418752446
0.5975 0.04427061683 0.0442705995
0.598 0.04435375048 0.04435373305
0.5985 0.04443694233 0.04443692481
0.599 0.04452019209 0.04452017447
0.5995 0.04460349944 0.04460348172
0.6 0.04468686407 0.04468684625
0.6005 0.04477028566 0.04477026775
0.601 0.0448537639 0.04485374589
0.6015 0.04493729848 0.04493728037
0.602 0.04502088906 0.04502087086
0.6025 0.04510453534 0.04510451703
0.603 0.04518823697 0.04518821857
0.6035 0.04527199365 0.04527197514
0.604 0.04535580503 0.04535578642
0.6045 0.04543967078 0.04543965208
0.605 0.04552359059 0.04552357178
0.6055 0.0456075641 0.04560754519
0.606 0.04569159098 0.04569157197
0.6065 0.04577567089 0.04577565178
0.607 0.04585980349 0.04585978428
0.6075 0.04594398843 0.04594396912
0.608 0.04602822538 0.04602820596
0.6085 0.04611251397 0.04611249445
0.609 0.04619685386 0.04619683424
0.6095 0.0462812447 0.04628122498
0.61 0.04636568613 0.0463656663
0.6105 0.04645017779 0.04645015786
0.611 0.04653471932 0.04653469929
0.6115 0.04661931037 0.04661929023
0.612 0.04670395056 0.04670393031
0.6125 0.04678863953 0.04678861917
0.613 0.04687337691 0.04687335645
0.6135 0.04695816232 0.04695814176
0.614 0.0470429954 0.04704297473
0.6145 0.04712787577 0.04712785499
0.615 0.04721280305 0.04721278216
0.6155 0.04729777685 0.04729775586
0.616 0.0473827968 0.0473827757
0.6165 0.04746786251 0.04746784129
0.617 0.04755297358 0.04755295226
0.6175 0.04763812964 0.04763810821
0.618 0.04772333028 0.04772330874
0.6185 0.04780857511 0.04780855346
0.619 0.04789386373 0.04789384197
0.6195 0.04797919574 0.04797917387
0.62 0.04806457074 0.04806454875
0.6205 0.04814998832 0.04814996622
0.621 0.04823544808 0.04823542586
0.6215 0.04832094959 0.04832092727
0.622 0.04840649246 0.04840647002
0.6225 0.04849207625 0.0484920537
0.623 0.04857770057 0.0485776779
0.6235 0.04866336497 0.04866334219
0.624 0.04874906904 0.04874904615
0.6245 0.04883481236 0.04883478935
0.625 0.04892059449 0.04892057136
0.6255 0.049006415 0.04900639175
0.626 0.04909227345 0.04909225009
0.6265 0.04917816942 0.04917814595
0.627 0.04926410246 0.04926407887
0.6275 0.04935007212 0.04935004841
0.628 0.04943607797 0.04943605414
0.6285 0.04952211955 0.04952209561
0.629 0.04960819642 0.04960817235
0.6295 0.04969430811 0.04969428393
0.63 0.04978045419 0.04978042988
0.6305 0.04986663417 0.04986660975
0.631 0.04995284761 0.04995282307
0.6315 0.05003909404 0.05003906937
0.632 0.05012537299 0.0501253482
0.6325 0.05021168399 0.05021165908
0.633 0.05029802656 0.05029800153
0.6335 0.05038440024 0.05038437509
0.634 0.05047080454 0.05047077927
0.6345 0.05055723898 0.05055721359
0.635 0.05064370308 0.05064367756
0.6355 0.05073019635 0.0507301707
0.636 0.05081671829 0.05081669252
0.6365 0.05090326842 0.05090324253
0.637 0.05098984624 0.05098982022
0.6375 0.05107645124 0.05107642509
0.638 0.05116308293 0.05116305666
0.6385 0.0512497408 0.0512497144
0.639 0.05133642434 0.05133639781
0.6395 0.05142313304 0.05142310639
0.64 0.05150986639 0.0515098396
0.6405 0.05159662386 0.05159659695
0.641 0.05168340494 0.0516833779
0.6415 0.0517702091 0.05177018193
0.642 0.05185703581 0.05185700851
0.6425 0.05194388455 0.05194385712
0.643 0.05203075478 0.05203072722
0.6435 0.05211764597 0.05211761828
0.644 0.05220455757 0.05220452975
0.6445 0.05229148904 0.05229146109
0.645 0.05237843984 0.05237841175
0.6455 0.05246540941 0.05246538119
0.646 0.05255239721 0.05255236885
0.6465 0.05263940267 0.05263937418
0.647 0.05272642524 0.05272639662
0.6475 0.05281346435 0.0528134356
0.648 0.05290051945 0.05290049056
0.6485 0.05298758996 0.05298756093
0.649 0.0530746753 0.05307464614
0.6495 0.0531617749 0.05316174561
0.65 0.05324888819 0.05324885876
0.6505 0.05333601457 0.053335985
0.651 0.05342315347 0.05342312376
0.6515 0.05351030429 0.05351027445
0.652 0.05359746644 0.05359743646
0.6525 0.05368463933 0.05368460921
0.653 0.05377182235 0.05377179208
0.6535 0.05385901489 0.05385898449
0.654 0.05394621636 0.05394618582
0.6545 0.05403342615 0.05403339547
0.655 0.05412064363 0.05412061281
0.6555 0.05420786819 0.05420783723
0.656 0.05429509921 0.0542950681
0.6565 0.05438233606 0.05438230481
0.657 0.05446957812 0.05446954673
0.6575 0.05455682475 0.05455679322
0.658 0.05464407532 0.05464404364
0.6585 0.05473132918 0.05473129736
0.659 0.0548185857 0.05481855373
0.6595 0.05490584423 0.05490581211
0.66 0.05499310411 0.05499307185
0.6605 0.05508036469 0.05508033229
0.661 0.05516762531 0.05516759276
0.6615 0.05525488532 0.05525485262
0.662 0.05534214404 0.05534211119
0.6625 0.0554294008 0.05542936781
0.663 0.05551665494 0.0555166218
0.6635 0.05560390577 0.05560387248
0.664 0.05569115261 0.05569111917
0.6645 0.05577839477 0.05577836118
0.665 0.05586563158 0.05586559784
0.6655 0.05595286232 0.05595282844
0.666 0.05604008632 0.05604005228
0.6665 0.05612730286 0.05612726867
0.667 0.05621451124 0.05621447689
0.6675 0.05630171075 0.05630167625
0.668 0.05638890068 0.05638886603
0.6685 0.0564760803 0.0564760455
0.669 0.05656324891 0.05656321395
0.6695 0.05665040577 0.05665037066
0.67 0.05673755015 0.05673751488
0.6705 0.05682468132 0.0568246459
0.671 0.05691179854 0.05691176296
0.6715 0.05699890107 0.05699886534
0.672 0.05708598816 0.05708595227
0.6725 0.05717305906 0.05717302302
0.673 0.05726011302 0.05726007682
0.6735 0.05734714927 0.05734711291
0.674 0.05743416706 0.05743413054
0.6745 0.05752116561 0.05752112893
0.675 0.05760814416 0.05760810732
0.6755 0.05769510192 0.05769506492
0.676 0.05778203811 0.05778200095
0.6765 0.05786895195 0.05786891463
0.677 0.05795584266 0.05795580517
0.6775 0.05804270942 0.05804267178
0.678 0.05812955146 0.05812951365
0.6785 0.05821636795 0.05821632998
0.679 0.0583031581 0.05830311997
0.6795 0.05838992109 0.0583898828
0.68 0.05847665611 0.05847661765
0.6805 0.05856336233 0.0585633237
0.681 0.05865003892 0.05865000013
0.6815 0.05873668507 0.05873664611
0.682 0.05882329992 0.0588232608
0.6825 0.05890988264 0.05890984335
0.683 0.05899643239 0.05899639293
0.6835 0.05908294831 0.05908290868
0.684 0.05916942955 0.05916938976
0.6845 0.05925587525 0.05925583529
0.685 0.05934228455 0.05934224443
0.6855 0.05942865658 0.05942861629
0.686 0.05951499047 0.05951495
0.6865 0.05960128533 0.05960124469
0.687 0.05968754028 0.05968749947
0.6875 0.05977375443 0.05977371345
0.688 0.0598599269 0.05985988575
0.6885 0.05994605678 0.05994601545
0.689 0.06003214316 0.06003210166
0.6895 0.06011818515 0.06011814348
0.69 0.06020418182 0.06020413998
0.6905 0.06029013226 0.06029009024
0.691 0.06037603555 0.06037599335
0.6915 0.06046189074 0.06046184837
0.692 0.06054769692 0.06054765438
0.6925 0.06063345315 0.06063341042
0.693 0.06071915847 0.06071911557
0.6935 0.06080481193 0.06080476886
0.694 0.06089041259 0.06089036934
0.6945 0.06097595949 0.06097591605
0.695 0.06106145165 0.06106140804
0.6955 0.06114688811 0.06114684432
0.696 0.06123226788 0.06123222391
0.6965 0.06131759 0.06131754585
0.697 0.06140285347 0.06140280914
0.6975 0.0614880573 0.06148801278
0.698 0.06157320048 0.06157315579
0.6985 0.06165828203 0.06165823715
0.699 0.06174330093 0.06174325587
0.6995 0.06182825616 0.06182821091
0.7 0.0619131467 0.06191310127
0.7005 0.06199797153 0.06199792592
0.701 0.06208272962 0.06208268382
0.7015 0.06216741993 0.06216737395
0.702 0.06225204142 0.06225199525
0.7025 0.06233659303 0.06233654668
0.703 0.06242107372 0.06242102718
0.7035 0.06250548242 0.0625054357
0.704 0.06258981808 0.06258977116
0.7045 0.0626740796 0.0626740325
0.705 0.06275826593 0.06275821864
0.7055 0.06284237598 0.0628423285
0.706 0.06292640865 0.06292636098
0.7065 0.06301036285 0.06301031499
0.707 0.06309423748 0.06309418943
0.7075 0.06317803144 0.0631779832
0.708 0.0632617436 0.06326169517
0.7085 0.06334537285 0.06334532423
0.709 0.06342891807 0.06342886925
0.7095 0.06351237812 0.06351232911
0.71 0.06359575186 0.06359570266
0.7105 0.06367903815 0.06367898876
0.711 0.06376223585 0.06376218625
0.7115 0.06384534378 0.063845294
0.712 0.0639283608 0.06392831082
0.7125 0.06401128573 0.06401123555
0.713 0.06409411739 0.06409406701
0.7135 0.0641768546 0.06417680403
0.714 0.06425949618 0.06425944541
0.7145 0.06434204093 0.06434198996
0.715 0.06442448765 0.06442443648
0.7155 0.06450683513 0.06450678376
0.716 0.06458908215 0.06458903059
0.7165 0.0646712275 0.06467117574
0.717 0.06475326995 0.06475321798
0.7175 0.06483520826 0.06483515609
0.718 0.06491704119 0.06491698882
0.7185 0.06499876749 0.06499871492
0.719 0.06508038592 0.06508033315
0.7195 0.0651618952 0.06516184223
0.72 0.06524329407 0.0652432409
0.7205 0.06532458126 0.06532452788
0.721 0.06540575548 0.0654057019
0.7215 0.06548681545 0.06548676166
0.722 0.06556775986 0.06556770587
0.7225 0.06564858742 0.06564853322
0.723 0.06572929682 0.06572924241
0.7235 0.06580988674 0.06580983212
0.724 0.06589035585 0.06589030102
0.7245 0.06597070282 0.06597064779
0.725 0.06605092632 0.06605087108
0.7255 0.066131025 0.06613096956
0.726 0.06621099751 0.06621094186
0.7265 0.06629084249 0.06629078662
0.727 0.06637055857 0.06637050249
0.7275 0.06645014437 0.06645008808
0.728 0.06652959852 0.06652954202
0.7285 0.06660891962 0.06660886291
0.729 0.06668810627 0.06668804935
0.7295 0.06676715708 0.06676709995
0.73 0.06684607063 0.06684601329
0.7305 0.06692484551 0.06692478795
0.731 0.06700348027 0.0670034225
0.7315 0.0670819735 0.06708191551
0.732 0.06716032374 0.06716026553
0.7325 0.06723852954 0.06723847113
0.733 0.06731658946 0.06731653083
0.7335 0.06739450202 0.06739444317
0.734 0.06747226574 0.06747220668
0.7345 0.06754987915 0.06754981987
0.735 0.06762734076 0.06762728126
0.7355 0.06770464907 0.06770458935
0.736 0.06778180258 0.06778174264
0.7365 0.06785879976 0.0678587396
0.737 0.0679356391 0.06793557873
0.7375 0.06801231908 0.06801225848
0.738 0.06808883814 0.06808877732
0.7385 0.06816519475 0.06816513371
0.739 0.06824138735 0.06824132609
0.7395 0.06831741438 0.0683173529
0.74 0.06839327426 0.06839321256
0.7405 0.06846896542 0.0684689035
0.741 0.06854448627 0.06854442413
0.7415 0.06861983522 0.06861977285
0.742 0.06869501065 0.06869494806
0.7425 0.06877001096 0.06876994814
0.743 0.06884483453 0.06884477148
0.7435 0.06891947971 0.06891941644
0.744 0.06899394488 0.06899388139
0.7445 0.06906822839 0.06906816466
0.745 0.06914232857 0.06914226462
0.7455 0.06921624377 0.06921617959
0.746 0.0692899723 0.0692899079
0.7465 0.06936351249 0.06936344786
0.747 0.06943686265 0.06943679779
0.7475 0.06951002107 0.06950995598
0.748 0.06958298604 0.06958292072
0.7485 0.06965575584 0.0696556903
0.749 0.06972832875 0.06972826297
0.7495 0.06980070302 0.06980063702
0.75 0.06987287692 0.06987281068
0.7505 0.06994484868 0.06994478221
0.751 0.07001661653 0.07001654983
0.7515 0.07008817872 0.07008811178
0.752 0.07015953344 0.07015946627
0.7525 0.07023067891 0.07023061151
0.753 0.07030161332 0.07030154568
0.7535 0.07037233486 0.07037226699
0.754 0.07044284171 0.07044277361
0.7545 0.07051313204 0.0705130637
0.755 0.070583204 0.07058313543
0.7555 0.07065305575 0.07065298694
0.756 0.07072268542 0.07072261638
0.7565 0.07079209114 0.07079202186
0.757 0.07086127104 0.07086120152
0.7575 0.07093022321 0.07093015346
0.758 0.07099894577 0.07099887578
0.7585 0.0710674368 0.07106736657
0.759 0.07113569437 0.07113562391
0.7595 0.07120371657 0.07120364586
0.76 0.07127150144 0.07127143049
0.7605 0.07133904703 0.07133897585
0.761 0.0714063514 0.07140627997
0.7615 0.07147341255 0.07147334089
0.762 0.07154022852 0.07154015661
0.7625 0.0716067973 0.07160672516
0.763 0.0716731169 0.07167304451
0.7635 0.0717391853 0.07173911267
0.764 0.07180500047 0.0718049276
0.7645 0.07187056039 0.07187048728
0.765 0.071935863 0.07193578965
0.7655 0.07200090626 0.07200083266
0.766 0.07206568808 0.07206561424
0.7665 0.0721302064 0.07213013232
0.767 0.07219445913 0.0721943848
0.7675 0.07225844416 0.07225836958
0.768 0.07232215938 0.07232208456
0.7685 0.07238560268 0.07238552761
0.769 0.07244877191 0.0724486966
0.7695 0.07251166494 0.07251158939
0.77 0.07257427961 0.07257420381
0.7705 0.07263661375 0.07263653771
0.771 0.07269866519 0.0726985889
0.7715 0.07276043173 0.07276035519
0.772 0.07282191117 0.07282183438
0.7725 0.0728831013 0.07288302427
0.773 0.0729439999 0.07294392261
0.7735 0.07300460473 0.07300452719
0.774 0.07306491353 0.07306483575
0.7745 0.07312492406 0.07312484603
0.775 0.07318463405 0.07318455577
0.7755 0.0732440412 0.07324396267
0.776 0.07330314322 0.07330306444
0.7765 0.07336193781 0.07336185878
0.777 0.07342042264 0.07342034336
0.7775 0.07347859539 0.07347851586
0.778 0.07353645371 0.07353637393
0.7785 0.07359399524 0.07359391521
0.779 0.07365121763 0.07365113734
0.7795 0.07370811848 0.07370803794
0.78 0.0737646954 0.07376461461
0.7805 0.07382094599 0.07382086495
0.781 0.07387686784 0.07387678655
0.7815 0.0739324585 0.07393237696
0.782 0.07398771554 0.07398763375
0.7825 0.07404263651 0.07404255445
0.783 0.07409721892 0.07409713662
0.7835 0.07415146031 0.07415137775
0.784 0.07420535817 0.07420527535
0.7845 0.07425890999 0.07425882693
0.785 0.07431211327 0.07431202995
0.7855 0.07436496546 0.07436488188
0.786 0.07441746402 0.07441738019
0.7865 0.07446960638 0.07446952229
0.787 0.07452138998 0.07452130563
0.7875 0.07457281222 0.07457272762
0.788 0.0746238705 0.07462378565
0.7885 0.07467456222 0.07467447711
0.789 0.07472488474 0.07472479938
0.7895 0.07477483542 0.0747747498
0.79 0.07482441161 0.07482432573
0.7905 0.07487361064 0.0748735245
0.791 0.07492242982 0.07492234343
0.7915 0.07497086646 0.07497077981
0.792 0.07501891785 0.07501883095
0.7925 0.07506658126 0.0750664941
0.793 0.07511385396 0.07511376654
0.7935 0.07516073318 0.07516064551
0.794 0.07520721617 0.07520712824
0.7945 0.07525330014 0.07525321195
0.795 0.0752989823 0.07529889385
0.7955 0.07534425983 0.07534417112
0.796 0.07538912991 0.07538904094
0.7965 0.07543358969 0.07543350047
0.797 0.07547763634 0.07547754685
0.7975 0.07552126696 0.07552117722
0.798 0.07556447869 0.07556438869
0.7985 0.07560726861 0.07560717835
0.799 0.07564963382 0.07564954331
0.7995 0.07569157139 0.07569148061
0.8 0.07573307836 0.07573298733
0.8005 0.07577415179 0.0757740605
0.801 0.0758147887 0.07581469715
0.8015 0.07585498609 0.07585489428
0.802 0.07589474095 0.07589464889
0.8025 0.07593405028 0.07593395795
0.803 0.07597291102 0.07597281843
0.8035 0.07601132013 0.07601122728
0.804 0.07604927453 0.07604918143
0.8045 0.07608677115 0.07608667779
0.805 0.07612380687 0.07612371325
0.8055 0.07616037859 0.07616028471
0.806 0.07619648317 0.07619638904
0.8065 0.07623211747 0.07623202307
0.807 0.0762672783 0.07626718365
0.8075 0.0763019625 0.07630186759
0.808 0.07633616687 0.0763360717
0.8085 0.07636988818 0.07636979275
0.809 0.07640312322 0.07640302753
0.8095 0.07643586872 0.07643577277
0.81 0.07646812143 0.07646802523
0.8105 0.07649987807 0.0764997816
0.811 0.07653113533 0.0765310386
0.8115 0.07656188989 0.07656179291
0.812 0.07659213843 0.07659204119
0.8125 0.0766218776 0.0766217801
0.813 0.07665110403 0.07665100627
0.8135 0.07667981432 0.07667971631
0.814 0.07670800509 0.07670790682
0.8145 0.07673567291 0.07673557438
0.815 0.07676281434 0.07676271555
0.8155 0.07678942593 0.07678932688
0.816 0.0768155042 0.0768154049
0.8165 0.07684104567 0.07684094611
0.817 0.07686604682 0.076865947
0.8175 0.07689050413 0.07689040405
0.818 0.07691441405 0.07691431372
0.8185 0.07693777301 0.07693767243
0.819 0.07696057745 0.07696047661
0.8195 0.07698282375 0.07698272265
0.82 0.07700450829 0.07700440694
0.8205 0.07702562745 0.07702552584
0.821 0.07704617756 0.0770460757
0.8215 0.07706615495 0.07706605283
0.822 0.07708555592 0.07708545354
0.8225 0.07710437676 0.07710427413
0.823 0.07712261373 0.07712251085
0.8235 0.0771402631 0.07714015997
0.824 0.07715732108 0.07715721769
0.8245 0.07717378389 0.07717368025
0.825 0.07718964771 0.07718954382
0.8255 0.07720490872 0.07720480458
0.826 0.07721956307 0.07721945867
0.8265 0.07723360689 0.07723350224
0.827 0.07724703629 0.07724693139
0.8275 0.07725984736 0.07725974221
0.828 0.07727203618 0.07727193077
0.8285 0.07728359878 0.07728349313
0.829 0.07729453122 0.07729442532
0.8295 0.07730482949 0.07730472334
0.83 0.07731448958 0.07731438319
0.8305 0.07732350748 0.07732340083
0.831 0.07733187911 0.07733177221
0.8315 0.07733960042 0.07733949327
0.832 0.0773466673 0.07734655991
0.8325 0.07735307565 0.07735296801
0.833 0.07735882132 0.07735871344
0.8335 0.07736390017 0.07736379204
0.834 0.07736830802 0.07736819964
0.8345 0.07737204065 0.07737193204
0.835 0.07737509387 0.077374985
0.8355 0.07737746341 0.07737735431
0.836 0.07737914502 0.07737903568
0.8365 0.07738013442 0.07738002483
0.837 0.07738042728 0.07738031745
0.8375 0.07738001929 0.07737990922
0.838 0.07737890609 0.07737879578
0.8385 0.07737708331 0.07737697276
0.839 0.07737454655 0.07737443576
0.8395 0.07737129138 0.07737118035
0.84 0.07736731337 0.07736720211
0.8405 0.07736260806 0.07736249655
0.841 0.07735717094 0.0773570592
0.8415 0.07735099752 0.07735088555
0.842 0.07734408326 0.07734397105
0.8425 0.0773364236 0.07733631115
0.843 0.07732801396 0.07732790128
0.8435 0.07731884974 0.07731873682
0.844 0.0773089263 0.07730881316
0.8445 0.077298239 0.07729812563
0.845 0.07728678317 0.07728666956
0.8455 0.07727455409 0.07727444026
0.846 0.07726154706 0.07726143299
0.8465 0.07724775732 0.07724764302
0.847 0.07723318009 0.07723306557
0.8475 0.0772178106 0.07721769585
0.848 0.077201644 0.07720152903
0.8485 0.07718467546 0.07718456027
0.849 0.07716690012 0.0771667847
0.8495 0.07714831306 0.07714819742
0.85 0.07712890938 0.07712879351
0.8505 0.07710868412 0.07710856804
0.851 0.07708763233 0.07708751602
0.8515 0.07706574899 0.07706563247
0.852 0.07704302909 0.07704291235
0.8525 0.07701946759 0.07701935063
0.853 0.0769950594 0.07699494223
0.8535 0.07696979944 0.07696968205
0.854 0.07694368257 0.07694356497
0.8545 0.07691670364 0.07691658583
0.855 0.07688885749 0.07688873946
0.8555 0.07686013889 0.07686002066
0.856 0.07683054263 0.07683042419
0.8565 0.07680006344 0.07679994479
0.857 0.07676869605 0.07676857719
0.8575 0.07673643513 0.07673631607
0.858 0.07670327536 0.07670315609
0.8585 0.07666921136 0.07666909189
0.859 0.07663423775 0.07663411808
0.8595 0.0765983491 0.07659822923
0.86 0.07656153997 0.07656141989
0.8605 0.07652380487 0.0765236846
0.861 0.07648513831 0.07648501784
0.8615 0.07644553476 0.07644541409
0.862 0.07640498865 0.07640486779
0.8625 0.07636349439 0.07636337334
0.863 0.07632104637 0.07632092513
0.8635 0.07627763894 0.07627751751
0.864 0.07623326643 0.07623314481
0.8645 0.07618792314 0.07618780133
0.865 0.07614160333 0.07614148133
0.8655 0.07609430124 0.07609417906
0.866 0.07604601107 0.07604588871
0.8665 0.07599672702 0.07599660447
0.867 0.07594644322 0.0759463205
0.8675 0.0758951538 0.0758950309
0.868 0.07584285285 0.07584272977
0.8685 0.07578953443 0.07578941118
0.869 0.07573519256 0.07573506914
0.8695 0.07567982125 0.07567969765
0.87 0.07562341447 0.0756232907
0.8705 0.07556596614 0.07556584221
0.871 0.07550747019 0.07550734609
0.8715 0.07544792048 0.07544779621
0.872 0.07538731086 0.07538718643
0.8725 0.07532563514 0.07532551055
0.873 0.0752628871 0.07526276235
0.8735 0.07519906051 0.0751989356
0.874 0.07513414906 0.075134024
0.8745 0.07506814645 0.07506802123
0.875 0.07500104634 0.07500092097
0.8755 0.07493284234 0.07493271682
0.876 0.07486352804 0.07486340237
0.8765 0.074793097 0.07479297119
0.877 0.07472154275 0.07472141679
0.8775 0.07464885878 0.07464873268
0.878 0.07457503853 0.07457491229
0.8785 0.07450007545 0.07449994907
0.879 0.07442396291 0.0744238364
0.8795 0.07434669428 0.07434656763
0.88 0.07426826288 0.0742681361
0.8805 0.074188662 0.07418853509
0.881 0.07410788489 0.07410775786
0.8815 0.07402592478 0.07402579762
0.882 0.07394277485 0.07394264757
0.8825 0.07385842826 0.07385830085
0.883 0.07377287812 0.07377275059
0.8835 0.07368611751 0.07368598987
0.884 0.07359813949 0.07359801173
0.8845 0.07350893705 0.07350880918
0.885 0.07341850319 0.07341837521
0.8855 0.07332683083 0.07332670275
0.886 0.07323391289 0.0732337847
0.8865 0.07313974223 0.07313961394
0.887 0.07304431169 0.0730441833
0.8875 0.07294761405 0.07294748557
0.888 0.07284964209 0.07284951351
0.8885 0.07275038852 0.07275025985
0.889 0.07264984602 0.07264971726
0.8895 0.07254800726 0.07254787841
0.89 0.07244486482 0.07244473589
0.8905 0.0723404113 0.07234028229
0.891 0.07223463923 0.07223451013
0.8915 0.07212754109 0.07212741193
0.892 0.07201910936 0.07201898012
0.8925 0.07190933646 0.07190920715
0.893 0.07179821476 0.07179808538
0.8935 0.07168573661 0.07168560717
0.894 0.07157189433 0.07157176482
0.8945 0.07145668016 0.07145655059
0.895 0.07134008634 0.07133995672
0.8955 0.07122210506 0.07122197539
0.896 0.07110272847 0.07110259874
0.8965 0.07098194866 0.0709818189
0.897 0.07085975772 0.07085962791
0.8975 0.07073614767 0.07073601782
0.898 0.07061111049 0.0706109806
0.8985 0.07048463814 0.07048450821
0.899 0.07035672251 0.07035659256
0.8995 0.07022735547 0.07022722549
0.9 0.07009652886 0.07009639885
0.9005 0.06996423443 0.06996410441
0.901 0.06983046395 0.0698303339
0.9015 0.0696952091 0.06969507904
0.902 0.06955846154 0.06955833147
0.9025 0.06942021289 0.06942008281
0.903 0.06928045471 0.06928032463
0.9035 0.06913917854 0.06913904846
0.904 0.06899637587 0.06899624579
0.9045 0.06885203812 0.06885190805
0.905 0.0687061567 0.06870602664
0.9055 0.06855872298 0.06855859293
0.906 0.06840972825 0.06840959822
0.9065 0.06825916378 0.06825903378
0.907 0.06810702081 0.06810689083
0.9075 0.0679532905 0.06795316055
0.908 0.067797964 0.06779783408
0.9085 0.06764103238 0.0676409025
0.909 0.0674824867 0.06748235686
0.9095 0.06732231796 0.06732218816
0.91 0.0671605171 0.06716038735
0.9105 0.06699707503 0.06699694533
0.911 0.06683198261 0.06683185298
0.9115 0.06666523067 0.06666510109
0.912 0.06649680996 0.06649668045
0.9125 0.0663267112 0.06632658176
0.913 0.06615492508 0.06615479571
0.9135 0.06598144222 0.06598131293
0.914 0.06580625319 0.06580612399
0.9145 0.06562934854 0.06562921942
0.915 0.06545071873 0.06545058971
0.9155 0.06527035422 0.06527022529
0.916 0.06508824539 0.06508811655
0.9165 0.06490438256 0.06490425384
0.917 0.06471875605 0.06471862743
0.9175 0.06453135607 0.06453122757
0.918 0.06434217284 0.06434204445
0.9185 0.06415119648 0.06415106821
0.919 0.06395841708 0.06395828895
0.9195 0.0637638247 0.0637636967
0.92 0.06356740932 0.06356728146
0.9205 0.06336916088 0.06336903316
0.921 0.06316906927 0.06316894169
0.9215 0.06296712432 0.0629669969
0.922 0.06276331583 0.06276318857
0.9225 0.06255763353 0.06255750643
0.923 0.0623500671 0.06234994017
0.9235 0.06214060618 0.06214047942
0.924 0.06192924033 0.06192911375
0.9245 0.06171595909 0.06171583269
0.925 0.06150075193 0.06150062572
0.9255 0.06128360827 0.06128348225
0.926 0.06106451747 0.06106439165
0.9265 0.06084346884 0.06084334323
0.927 0.06062045165 0.06062032625
0.9275 0.0603954551 0.06039532991
0.928 0.06016846833 0.06016834337
0.9285 0.05993948044 0.05993935571
0.929 0.05970848047 0.05970835597
0.9295 0.0594754574 0.05947533314
0.93 0.05924040015 0.05924027614
0.9305 0.05900329761 0.05900317385
0.931 0.05876413859 0.05876401508
0.9315 0.05852291184 0.05852278859
0.932 0.05827960606 0.05827948309
0.9325 0.05803420991 0.05803408721
0.933 0.05778671197 0.05778658955
0.9335 0.05753710076 0.05753697863
0.934 0.05728536476 0.05728524292
0.9345 0.05703149239 0.05703137085
0.935 0.05677547199 0.05677535076
0.9355 0.05651729187 0.05651717095
0.936 0.05625694026 0.05625681966
0.9365 0.05599440533 0.05599428506
0.937 0.05572967522 0.05572955527
0.9375 0.05546273796 0.05546261836
0.938 0.05519358156 0.0551934623
0.9385 0.05492219396 0.05492207506
0.939 0.05464856303 0.05464844449
0.9395 0.05437267659 0.05437255841
0.94 0.05409452238 0.05409440457
0.9405 0.0538140881 0.05381397068
0.941 0.05353136138 0.05353124434
0.9415 0.05324632979 0.05324621314
0.942 0.05295898081 0.05295886457
0.9425 0.05266930191 0.05266918608
0.943 0.05237728045 0.05237716503
0.9435 0.05208290374 0.05208278875
0.944 0.05178615904 0.05178604448
0.9445 0.05148703353 0.0514869194
0.945 0.05118551432 0.05118540065
0.9455 0.05088158848 0.05088147526
0.946 0.05057524299 0.05057513023
0.9465 0.05026646477 0.05026635248
0.947 0.04995524068 0.04995512887
0.9475 0.04964155752 0.04964144619
0.948 0.04932540201 0.04932529117
0.9485 0.04900676079 0.04900665046
0.949 0.04868562048 0.04868551065
0.9495 0.04836196758 0.04836185827
0.95 0.04803578854 0.04803567976
0.9505 0.04770706977 0.04770696152
0.951 0.04737579756 0.04737568986
0.9515 0.04704195818 0.04704185103
0.952 0.04670553779 0.0467054312
0.9525 0.04636652252 0.04636641649
0.953 0.04602489838 0.04602479293
0.9535 0.04568065136 0.0456805465
0.954 0.04533376735 0.04533366308
0.9545 0.04498423218 0.04498412851
0.955 0.04463203159 0.04463192854
0.9555 0.04427715128 0.04427704885
0.956 0.04391957685 0.04391947505
0.9565 0.04355929384 0.04355919269
0.957 0.04319628772 0.04319618721
0.9575 0.04283054387 0.04283044402
0.958 0.04246204762 0.04246194844
0.9585 0.0420907842 0.0420906857
0.959 0.04171673879 0.04171664097
0.9595 0.04133989648 0.04133979936
0.96 0.04096024229 0.04096014587
0.9605 0.04057776115 0.04057766546
0.961 0.04019243795 0.04019234298
0.9615 0.03980425747 0.03980416323
0.962 0.03941320442 0.03941311093
0.9625 0.03901926344 0.03901917071
0.963 0.03862241909 0.03862232713
0.9635 0.03822265586 0.03822256467
0.964 0.03781995814 0.03781986774
0.9645 0.03741431026 0.03741422066
0.965 0.03700569646 0.03700560767
0.9655 0.03659410092 0.03659401295
0.966 0.03617950771 0.03617942057
0.9665 0.03576190085 0.03576181455
0.967 0.03534126426 0.03534117881
0.9675 0.03491758178 0.03491749719
0.968 0.03449083717 0.03449075346
0.9685 0.03406101413 0.0340609313
0.969 0.03362809623 0.03362801431
0.9695 0.03319206701 0.033191986
0.97 0.0327529099 0.0327528298
0.9705 0.03231060824 0.03231052907
0.971 0.03186514529 0.03186506707
0.9715 0.03141650424 0.03141642697
0.972 0.03096466819 0.03096459189
0.9725 0.03050962015 0.03050954482
0.973 0.03005134303 0.0300512687
0.9735 0.02958981969 0.02958974636
0.974 0.02912503287 0.02912496055
0.9745 0.02865696523 0.02865689394
0.975 0.02818559936 0.02818552911
0.9755 0.02771091775 0.02771084855
0.976 0.02723290279 0.02723283466
0.9765 0.02675153681 0.02675146976
0.977 0.02626680203 0.02626673606
0.9775 0.02577868057 0.02577861571
0.978 0.02528715449 0.02528709074
0.9785 0.02479220573 0.02479214312
0.979 0.02429381617 0.0242937547
0.9795 0.02379196758 0.02379190726
0.98 0.02328664162 0.02328658248
0.9805 0.0227778199 0.02277776194
0.981 0.0222654839 0.02226542714
0.9815 0.02174961503 0.02174955948
0.982 0.02123019459 0.02123014027
0.9825 0.02070720381 0.02070715072
0.983 0.02018062378 0.02018057195
0.9835 0.01965043555 0.01965038498
0.984 0.01911662004 0.01911657075
0.9845 0.01857915808 0.01857911009
0.985 0.0180380304 0.01803798372
0.9855 0.01749321764 0.01749317229
0.986 0.01694470036 0.01694465634
0.9865 0.01639245897 0.01639241631
0.987 0.01583647384 0.01583643255
0.9875 0.01527672521 0.01527668531
0.988 0.01471319322 0.01471315471
0.9885 0.01414585792 0.01414582083
0.989 0.01357469924 0.01357466359
0.9895 0.01299969705 0.01299966284
0.99 0.01242083107 0.01242079833
0.9905 0.01183808096 0.01183804969
0.991 0.01125142624 0.01125139647
0.9915 0.01066084636 0.01066081809
0.992 0.01006632064 0.0100662939
0.9925 0.009467828305 0.009467803109
0.993 0.008865348488 0.008865324852
0.9935 0.008258860201 0.008258838141
0.994 0.007648342357 0.00764832189
0.9945 0.007033773761 0.007033754903
0.995 0.006415133111 0.00641511588
0.9955 0.005792398999 0.005792383412
0.996 0.005165549909 0.005165535984
0.9965 0.004534564216 0.004534551969
0.997 0.003899420187 0.003899409635
0.9975 0.003260095977 0.00326008714
0.998 0.002616569635 0.002616562529
0.9985 0.001968819097 0.001968813741
0.999 0.001316822188 0.001316818599
0.9995 0.000660556622 0.0006605548182
1 0 7.253220247e-14
