0
5.833333333e-10
2.083333333e-09
4.583333333e-09
8.083333333e-09
1.258333333e-08
1.808333333e-08
2.458333333e-08
3.208333333e-08
4.058333333e-08
5.008333333e-08
6.058333333e-08
7.208333333e-08
8.458333333e-08
9.808333333e-08
1.125833333e-07
1.280833333e-07
1.445833333e-07
1.620833333e-07
1.805833333e-07
2.000833333e-07
2.205833333e-07
2.420833333e-07
2.645833333e-07
2.880833333e-07
3.125833333e-07
3.380833333e-07
3.645833333e-07
3.920833333e-07
4.205833333e-07
4.500833333e-07
4.805833333e-07
5.120833333e-07
5.445833333e-07
5.780833333e-07
6.125833333e-07
6.480833333e-07
6.845833333e-07
7.220833333e-07
7.605833333e-07
8.000833333e-07
8.405833333e-07
8.820833333e-07
9.245833333e-07
9.680833333e-07
1.012583333e-06
1.058083333e-06
1.104583333e-06
1.152083333e-06
1.200583333e-06
1.250083333e-06
1.300583333e-06
1.352083333e-06
1.404583333e-06
1.458083333e-06
1.512583333e-06
1.568083333e-06
1.624583333e-06
1.682083333e-06
1.740583333e-06
1.800083333e-06
1.860583333e-06
1.922083333e-06
1.984583333e-06
2.048083333e-06
2.112583333e-06
2.178083333e-06
2.244583333e-06
2.312083333e-06
2.380583333e-06
2.450083333e-06
2.520583333e-06
2.592083333e-06
2.664583333e-06
2.738083333e-06
2.812583333e-06
2.888083333e-06
2.964583333e-06
3.042083333e-06
3.120583333e-06
3.200083333e-06
3.280583333e-06
3.362083333e-06
3.444583333e-06
3.528083333e-06
3.612583333e-06
3.698083333e-06
3.784583333e-06
3.872083333e-06
3.960583333e-06
4.050083333e-06
4.140583333e-06
4.232083333e-06
4.324583333e-06
4.418083333e-06
4.512583333e-06
4.608083333e-06
4.704583333e-06
4.802083333e-06
4.900583333e-06
5.000083333e-06
5.100583333e-06
5.202083333e-06
5.304583333e-06
5.408083333e-06
5.512583333e-06
5.618083333e-06
5.724583333e-06
5.832083333e-06
5.940583333e-06
6.050083333e-06
6.160583333e-06
6.272083333e-06
6.384583333e-06
6.498083333e-06
6.612583333e-06
6.728083333e-06
6.844583333e-06
6.962083333e-06
7.080583333e-06
7.200083333e-06
7.320583333e-06
7.442083333e-06
7.564583333e-06
7.688083333e-06
7.812583333e-06
7.938083333e-06
8.064583333e-06
8.192083333e-06
8.320583333e-06
8.450083333e-06
8.580583333e-06
8.712083333e-06
8.844583333e-06
8.978083333e-06
9.112583333e-06
9.248083333e-06
9.384583333e-06
9.522083333e-06
9.660583333e-06
9.800083333e-06
9.940583333e-06
1.008208333e-05
1.022458333e-05
1.036808333e-05
1.051258333e-05
1.065808333e-05
1.080458333e-05
1.095208333e-05
1.110058333e-05
1.125008333e-05
1.140058333e-05
1.155208333e-05
1.170458333e-05
1.185808333e-05
1.201258333e-05
1.216808333e-05
1.232458333e-05
1.248208333e-05
1.264058333e-05
1.280008333e-05
1.296058333e-05
1.312208333e-05
1.328458333e-05
1.344808333e-05
1.361258333e-05
1.377808333e-05
1.394458333e-05
1.411208333e-05
1.428058333e-05
1.445008333e-05
1.462058333e-05
1.479208333e-05
1.496458333e-05
1.513808333e-05
1.531258333e-05
1.548808333e-05
1.566458333e-05
1.584208333e-05
1.602058333e-05
1.620008333e-05
1.638058333e-05
1.656208333e-05
1.674458333e-05
1.692808333e-05
1.711258333e-05
1.729808333e-05
1.748458333e-05
1.767208333e-05
1.786058333e-05
1.805008333e-05
1.824058333e-05
1.843208333e-05
1.862458333e-05
1.881808333e-05
1.901258333e-05
1.920808333e-05
1.940458333e-05
1.960208333e-05
1.980058333e-05
2.000008333e-05
2.020058333e-05
2.040208333e-05
2.060458333e-05
2.080808333e-05
2.101258333e-05
2.121808333e-05
2.142458333e-05
2.163208333e-05
2.184058333e-05
2.205008333e-05
2.226058333e-05
2.247208333e-05
2.268458333e-05
2.289808333e-05
2.311258333e-05
2.332808333e-05
2.354458333e-05
2.376208333e-05
2.398058333e-05
2.420008333e-05
2.442058333e-05
2.464208333e-05
2.486458333e-05
2.508808333e-05
2.531258333e-05
2.553808333e-05
2.576458333e-05
2.599208333e-05
2.622058333e-05
2.645008333e-05
2.668058333e-05
2.691208333e-05
2.714458333e-05
2.737808333e-05
2.761258333e-05
2.784808333e-05
2.808458333e-05
2.832208333e-05
2.856058333e-05
2.880008333e-05
2.904058333e-05
2.928208333e-05
2.952458333e-05
2.976808333e-05
3.001258333e-05
3.025808333e-05
3.050458333e-05
3.075208333e-05
3.100058333e-05
3.125008333e-05
3.150058333e-05
3.175208333e-05
3.200458333e-05
3.225808333e-05
3.251258333e-05
3.276808333e-05
3.302458333e-05
3.328208333e-05
3.354058333e-05
3.380008333e-05
3.406058333e-05
3.432208333e-05
3.458458333e-05
3.484808333e-05
3.511258333e-05
3.537808333e-05
3.564458333e-05
3.591208333e-05
3.618058333e-05
3.645008333e-05
3.672058333e-05
3.699208333e-05
3.726458333e-05
3.753808333e-05
3.781258333e-05
3.808808333e-05
3.836458333e-05
3.864208333e-05
3.892058333e-05
3.920008333e-05
3.948058333e-05
3.976208333e-05
4.004458333e-05
4.032808333e-05
4.061258333e-05
4.089808333e-05
4.118458333e-05
4.147208333e-05
4.176058333e-05
4.205008333e-05
4.234058333e-05
4.263208333e-05
4.292458333e-05
4.321808333e-05
4.351258333e-05
4.380808333e-05
4.410458333e-05
4.440208333e-05
4.470058333e-05
4.500008333e-05
4.530058333e-05
4.560208333e-05
4.590458333e-05
4.620808333e-05
4.651258333e-05
4.681808333e-05
4.712458333e-05
4.743208333e-05
4.774058333e-05
4.805008333e-05
4.836058333e-05
4.867208333e-05
4.898458333e-05
4.929808333e-05
4.961258333e-05
4.992808333e-05
5.024458333e-05
5.056208333e-05
5.088058333e-05
5.120008333e-05
5.152058333e-05
5.184208333e-05
5.216458333e-05
5.248808333e-05
5.281258333e-05
5.313808333e-05
5.346458333e-05
5.379208333e-05
5.412058333e-05
5.445008333e-05
5.478058333e-05
5.511208333e-05
5.544458333e-05
5.577808333e-05
5.611258333e-05
5.644808333e-05
5.678458333e-05
5.712208333e-05
5.746058333e-05
5.780008333e-05
5.814058333e-05
5.848208333e-05
5.882458333e-05
5.916808333e-05
5.951258333e-05
5.985808333e-05
6.020458333e-05
6.055208333e-05
6.090058333e-05
6.125008333e-05
6.160058333e-05
6.195208333e-05
6.230458333e-05
6.265808333e-05
6.301258333e-05
6.336808333e-05
6.372458333e-05
6.408208333e-05
6.444058333e-05
6.480008333e-05
6.516058333e-05
6.552208333e-05
6.588458333e-05
6.624808333e-05
6.661258333e-05
6.697808333e-05
6.734458333e-05
6.771208333e-05
6.808058333e-05
6.845008333e-05
6.882058333e-05
6.919208333e-05
6.956458333e-05
6.993808333e-05
7.031258333e-05
7.068808333e-05
7.106458333e-05
7.144208333e-05
7.182058333e-05
7.220008333e-05
7.258058333e-05
7.296208333e-05
7.334458333e-05
7.372808333e-05
7.411258333e-05
7.449808333e-05
7.488458333e-05
7.527208333e-05
7.566058333e-05
7.605008333e-05
7.644058333e-05
7.683208333e-05
7.722458333e-05
7.761808333e-05
7.801258333e-05
7.840808333e-05
7.880458333e-05
7.920208333e-05
7.960058333e-05
8.000008333e-05
8.040058333e-05
8.080208333e-05
8.120458333e-05
8.160808333e-05
8.201258333e-05
8.241808333e-05
8.282458333e-05
8.323208333e-05
8.364058333e-05
8.405008333e-05
8.446058333e-05
8.487208333e-05
8.528458333e-05
8.569808333e-05
8.611258333e-05
8.652808333e-05
8.694458333e-05
8.736208333e-05
8.778058333e-05
8.820008333e-05
8.862058333e-05
8.904208333e-05
8.946458333e-05
8.988808333e-05
9.031258333e-05
9.073808333e-05
9.116458333e-05
9.159208333e-05
9.202058333e-05
9.245008333e-05
9.288058333e-05
9.331208333e-05
9.374458333e-05
9.417808333e-05
9.461258333e-05
9.504808333e-05
9.548458333e-05
9.592208333e-05
9.636058333e-05
9.680008333e-05
9.724058333e-05
9.768208333e-05
9.812458333e-05
9.856808333e-05
9.901258333e-05
9.945808333e-05
9.990458333e-05
0.0001003520833
0.0001008005833
0.0001012500833
0.0001017005833
0.0001021520833
0.0001026045833
0.0001030580833
0.0001035125833
0.0001039680833
0.0001044245833
0.0001048820833
0.0001053405833
0.0001058000833
0.0001062605833
0.0001067220833
0.0001071845833
0.0001076480833
0.0001081125833
0.0001085780833
0.0001090445833
0.0001095120833
0.0001099805833
0.0001104500833
0.0001109205833
0.0001113920833
0.0001118645833
0.0001123380833
0.0001128125833
0.0001132880833
0.0001137645833
0.0001142420833
0.0001147205833
0.0001152000833
0.0001156805833
0.0001161620833
0.0001166445833
0.0001171280833
0.0001176125833
0.0001180980833
0.0001185845833
0.0001190720833
0.0001195605833
0.0001200500833
0.0001205405833
0.0001210320833
0.0001215245833
0.0001220180833
0.0001225125833
0.0001230080833
0.0001235045833
0.0001240020833
0.0001245005833
0.0001250000833
0.0001255005833
0.0001260020833
0.0001265045833
0.0001270080833
0.0001275125833
0.0001280180833
0.0001285245833
0.0001290320833
0.0001295405833
0.0001300500833
0.0001305605833
0.0001310720833
0.0001315845833
0.0001320980833
0.0001326125833
0.0001331280833
0.0001336445833
0.0001341620833
0.0001346805833
0.0001352000833
0.0001357205833
0.0001362420833
0.0001367645833
0.0001372880833
0.0001378125833
0.0001383380833
0.0001388645833
0.0001393920833
0.0001399205833
0.0001404500833
0.0001409805833
0.0001415120833
0.0001420445833
0.0001425780833
0.0001431125833
0.0001436480833
0.0001441845833
0.0001447220833
0.0001452605833
0.0001458000833
0.0001463405833
0.0001468820833
0.0001474245833
0.0001479680833
0.0001485125833
0.0001490580833
0.0001496045833
0.0001501520833
0.0001507005833
0.0001512500833
0.0001518005833
0.0001523520833
0.0001529045833
0.0001534580833
0.0001540125833
0.0001545680833
0.0001551245833
0.0001556820833
0.0001562405833
0.0001568000833
0.0001573605833
0.0001579220833
0.0001584845833
0.0001590480833
0.0001596125833
0.0001601780833
0.0001607445833
0.0001613120833
0.0001618805833
0.0001624500833
0.0001630205833
0.0001635920833
0.0001641645833
0.0001647380833
0.0001653125833
0.0001658880833
0.0001664645833
0.0001670420833
0.0001676205833
0.0001682000833
0.0001687805833
0.0001693620833
0.0001699445833
0.0001705280833
0.0001711125833
0.0001716980833
0.0001722845833
0.0001728720833
0.0001734605833
0.0001740500833
0.0001746405833
0.0001752320833
0.0001758245833
0.0001764180833
0.0001770125833
0.0001776080833
0.0001782045833
0.0001788020833
0.0001794005833
0.0001800000833
0.0001806005833
0.0001812020833
0.0001818045833
0.0001824080833
0.0001830125833
0.0001836180833
0.0001842245833
0.0001848320833
0.0001854405833
0.0001860500833
0.0001866605833
0.0001872720833
0.0001878845833
0.0001884980833
0.0001891125833
0.0001897280833
0.0001903445833
0.0001909620833
0.0001915805833
0.0001922000833
0.0001928205833
0.0001934420833
0.0001940645833
0.0001946880833
0.0001953125833
0.0001959380833
0.0001965645833
0.0001971920833
0.0001978205833
0.0001984500833
0.0001990805833
0.0001997120833
0.0002003445833
0.0002009780833
0.0002016125833
0.0002022480833
0.0002028845833
0.0002035220833
0.0002041605833
0.0002048000833
0.0002054405833
0.0002060820833
0.0002067245833
0.0002073680833
0.0002080125833
0.0002086580833
0.0002093045833
0.0002099520833
0.0002106005833
0.0002112500833
0.0002119005833
0.0002125520833
0.0002132045833
0.0002138580833
0.0002145125833
0.0002151680833
0.0002158245833
0.0002164820833
0.0002171405833
0.0002178000833
0.0002184605833
0.0002191220833
0.0002197845833
0.0002204480833
0.0002211125833
0.0002217780833
0.0002224445833
0.0002231120833
0.0002237805833
0.0002244500833
0.0002251205833
0.0002257920833
0.0002264645833
0.0002271380833
0.0002278125833
0.0002284880833
0.0002291645833
0.0002298420833
0.0002305205833
0.0002312000833
0.0002318805833
0.0002325620833
0.0002332445833
0.0002339280833
0.0002346125833
0.0002352980833
0.0002359845833
0.0002366720833
0.0002373605833
0.0002380500833
0.0002387405833
0.0002394320833
0.0002401245833
0.0002408180833
0.0002415125833
0.0002422080833
0.0002429045833
0.0002436020833
0.0002443005833
0.0002450000833
0.0002457005833
0.0002464020833
0.0002471045833
0.0002478080833
0.0002485125833
0.0002492180833
0.0002499245833
0.0002506320833
0.0002513405833
0.0002520500833
0.0002527605833
0.0002534720833
0.0002541845833
0.0002548980833
0.0002556125833
0.0002563280833
0.0002570445833
0.0002577620833
0.0002584805833
0.0002592000833
0.0002599205833
0.0002606420833
0.0002613645833
0.0002620880833
0.0002628125833
0.0002635380833
0.0002642645833
0.0002649920833
0.0002657205833
0.0002664500833
0.0002671805833
0.0002679120833
0.0002686445833
0.0002693780833
0.0002701125833
0.0002708480833
0.0002715845833
0.0002723220833
0.0002730605833
0.0002738000833
0.0002745405833
0.0002752820833
0.0002760245833
0.0002767680833
0.0002775125833
0.0002782580833
0.0002790045833
0.0002797520833
0.0002805005833
0.0002812500833
0.0002820005833
0.0002827520833
0.0002835045833
0.0002842580833
0.0002850125833
0.0002857680833
0.0002865245833
0.0002872820833
0.0002880405833
0.0002888000833
0.0002895605833
0.0002903220833
0.0002910845833
0.0002918480833
0.0002926125833
0.0002933780833
0.0002941445833
0.0002949120833
0.0002956805833
0.0002964500833
0.0002972205833
0.0002979920833
0.0002987645833
0.0002995380833
0.0003003125833
0.0003010880833
0.0003018645833
0.0003026420833
0.0003034205833
0.0003042000833
0.0003049805833
0.0003057620833
0.0003065445833
0.0003073280833
0.0003081125833
0.0003088980833
0.0003096845833
0.0003104720833
0.0003112605833
0.0003120500833
0.0003128405833
0.0003136320833
0.0003144245833
0.0003152180833
0.0003160125833
0.0003168080833
0.0003176045833
0.0003184020833
0.0003192005833
0.0003200000833
0.0003208005833
0.0003216020833
0.0003224045833
0.0003232080833
0.0003240125833
0.0003248180833
0.0003256245833
0.0003264320833
0.0003272405833
0.0003280500833
0.0003288605833
0.0003296720833
0.0003304845833
0.0003312980833
0.0003321125833
0.0003329280833
0.0003337445833
0.0003345620833
0.0003353805833
0.0003362000833
0.0003370205833
0.0003378420833
0.0003386645833
0.0003394880833
0.0003403125833
0.0003411380833
0.0003419645833
0.0003427920833
0.0003436205833
0.0003444500833
0.0003452805833
0.0003461120833
0.0003469445833
0.0003477780833
0.0003486125833
0.0003494480833
0.0003502845833
0.0003511220833
0.0003519605833
0.0003528000833
0.0003536405833
0.0003544820833
0.0003553245833
0.0003561680833
0.0003570125833
0.0003578580833
0.0003587045833
0.0003595520833
0.0003604005833
0.0003612500833
0.0003621005833
0.0003629520833
0.0003638045833
0.0003646580833
0.0003655125833
0.0003663680833
0.0003672245833
0.0003680820833
0.0003689405833
0.0003698000833
0.0003706605833
0.0003715220833
0.0003723845833
0.0003732480833
0.0003741125833
0.0003749780833
0.0003758445833
0.0003767120833
0.0003775805833
0.0003784500833
0.0003793205833
0.0003801920833
0.0003810645833
0.0003819380833
0.0003828125833
0.0003836880833
0.0003845645833
0.0003854420833
0.0003863205833
0.0003872000833
0.0003880805833
0.0003889620833
0.0003898445833
0.0003907280833
0.0003916125833
0.0003924980833
0.0003933845833
0.0003942720833
0.0003951605833
0.0003960500833
0.0003969405833
0.0003978320833
0.0003987245833
0.0003996180833
0.0004005125833
0.0004014080833
0.0004023045833
0.0004032020833
0.0004041005833
0.0004050000833
0.0004059005833
0.0004068020833
0.0004077045833
0.0004086080833
0.0004095125833
0.0004104180833
0.0004113245833
0.0004122320833
0.0004131405833
0.0004140500833
0.0004149605833
0.0004158720833
0.0004167845833
0.0004176980833
0.0004186125833
0.0004195280833
0.0004204445833
0.0004213620833
0.0004222805833
0.0004232000833
0.0004241205833
0.0004250420833
0.0004259645833
0.0004268880833
0.0004278125833
0.0004287380833
0.0004296645833
0.0004305920833
0.0004315205833
0.0004324500833
0.0004333805833
0.0004343120833
0.0004352445833
0.0004361780833
0.0004371125833
0.0004380480833
0.0004389845833
0.0004399220833
0.0004408605833
0.0004418000833
0.0004427405833
0.0004436820833
0.0004446245833
0.0004455680833
0.0004465125833
0.0004474580833
0.0004484045833
0.0004493520833
0.0004503005833
0.0004512500833
0.0004522005833
0.0004531520833
0.0004541045833
0.0004550580833
0.0004560125833
0.0004569680833
0.0004579245833
0.0004588820833
0.0004598405833
0.0004608000833
0.0004617605833
0.0004627220833
0.0004636845833
0.0004646480833
0.0004656125833
0.0004665780833
0.0004675445833
0.0004685120833
0.0004694805833
0.0004704500833
0.0004714205833
0.0004723920833
0.0004733645833
0.0004743380833
0.0004753125833
0.0004762880833
0.0004772645833
0.0004782420833
0.0004792205833
0.0004802000833
0.0004811805833
0.0004821620833
0.0004831445833
0.0004841280833
0.0004851125833
0.0004860980833
0.0004870845833
0.0004880720833
0.0004890605833
0.0004900500833
0.0004910405833
0.0004920320833
0.0004930245833
0.0004940180833
0.0004950125833
0.0004960080833
0.0004970045833
0.0004980020833
0.0004990005833
0.0005000000833
0.0005010005833
0.0005020020833
0.0005030045833
0.0005040080833
0.0005050125833
0.0005060180833
0.0005070245833
0.0005080320833
0.0005090405833
0.0005100500833
0.0005110605833
0.0005120720833
0.0005130845833
0.0005140980833
0.0005151125833
0.0005161280833
0.0005171445833
0.0005181620833
0.0005191805833
0.0005202000833
0.0005212205833
0.0005222420833
0.0005232645833
0.0005242880833
0.0005253125833
0.0005263380833
0.0005273645833
0.0005283920833
0.0005294205833
0.0005304500833
0.0005314805833
0.0005325120833
0.0005335445833
0.0005345780833
0.0005356125833
0.0005366480833
0.0005376845833
0.0005387220833
0.0005397605833
0.0005408000833
0.0005418405833
0.0005428820833
0.0005439245833
0.0005449680833
0.0005460125833
0.0005470580833
0.0005481045833
0.0005491520833
0.0005502005833
0.0005512500833
0.0005523005833
0.0005533520833
0.0005544045833
0.0005554580833
0.0005565125833
0.0005575680833
0.0005586245833
0.0005596820833
0.0005607405833
0.0005618000833
0.0005628605833
0.0005639220833
0.0005649845833
0.0005660480833
0.0005671125833
0.0005681780833
0.0005692445833
0.0005703120833
0.0005713805833
0.0005724500833
0.0005735205833
0.0005745920833
0.0005756645833
0.0005767380833
0.0005778125833
0.0005788880833
0.0005799645833
0.0005810420833
0.0005821205833
0.0005832000833
0.0005842805833
0.0005853620833
0.0005864445833
0.0005875280833
0.0005886125833
0.0005896980833
0.0005907845833
0.0005918720833
0.0005929605833
0.0005940500833
0.0005951405833
0.0005962320833
0.0005973245833
0.0005984180833
0.0005995125833
0.0006006080833
0.0006017045833
0.0006028020833
0.0006039005833
0.0006050000833
0.0006061005833
0.0006072020833
0.0006083045833
0.0006094080833
0.0006105125833
0.0006116180833
0.0006127245833
0.0006138320833
0.0006149405833
0.0006160500833
0.0006171605833
0.0006182720833
0.0006193845833
0.0006204980833
0.0006216125833
0.0006227280833
0.0006238445833
0.0006249620833
0.0006260805833
0.0006272000833
0.0006283205833
0.0006294420833
0.0006305645833
0.0006316880833
0.0006328125833
0.0006339380833
0.0006350645833
0.0006361920833
0.0006373205833
0.0006384500833
0.0006395805833
0.0006407120833
0.0006418445833
0.0006429780833
0.0006441125833
0.0006452480833
0.0006463845833
0.0006475220833
0.0006486605833
0.0006498000833
0.0006509405833
0.0006520820833
0.0006532245833
0.0006543680833
0.0006555125833
0.0006566580833
0.0006578045833
0.0006589520833
0.0006601005833
0.0006612500833
0.0006624005833
0.0006635520833
0.0006647045833
0.0006658580833
0.0006670125833
0.0006681680833
0.0006693245833
0.0006704820833
0.0006716405833
0.0006728000833
0.0006739605833
0.0006751220833
0.0006762845833
0.0006774480833
0.0006786125833
0.0006797780833
0.0006809445833
0.0006821120833
0.0006832805833
0.0006844500833
0.0006856205833
0.0006867920833
0.0006879645833
0.0006891380833
0.0006903125833
0.0006914880833
0.0006926645833
0.0006938420833
0.0006950205833
0.0006962000833
0.0006973805833
0.0006985620833
0.0006997445833
0.0007009280833
0.0007021125833
0.0007032980833
0.0007044845833
0.0007056720833
0.0007068605833
0.0007080500833
0.0007092405833
0.0007104320833
0.0007116245833
0.0007128180833
0.0007140125833
0.0007152080833
0.0007164045833
0.0007176020833
0.0007188005833
0.0007200000833
0.0007212005833
0.0007224020833
0.0007236045833
0.0007248080833
0.0007260125833
0.0007272180833
0.0007284245833
0.0007296320833
0.0007308405833
0.0007320500833
0.0007332605833
0.0007344720833
0.0007356845833
0.0007368980833
0.0007381125833
0.0007393280833
0.0007405445833
0.0007417620833
0.0007429805833
0.0007442000833
0.0007454205833
0.0007466420833
0.0007478645833
0.0007490880833
0.0007503125833
0.0007515380833
0.0007527645833
0.0007539920833
0.0007552205833
0.0007564500833
0.0007576805833
0.0007589120833
0.0007601445833
0.0007613780833
0.0007626125833
0.0007638480833
0.0007650845833
0.0007663220833
0.0007675605833
0.0007688000833
0.0007700405833
0.0007712820833
0.0007725245833
0.0007737680833
0.0007750125833
0.0007762580833
0.0007775045833
0.0007787520833
0.0007800005833
0.0007812500833
0.0007825005833
0.0007837520833
0.0007850045833
0.0007862580833
0.0007875125833
0.0007887680833
0.0007900245833
0.0007912820833
0.0007925405833
0.0007938000833
0.0007950605833
0.0007963220833
0.0007975845833
0.0007988480833
0.0008001125833
0.0008013780833
0.0008026445833
0.0008039120833
0.0008051805833
0.0008064500833
0.0008077205833
0.0008089920833
0.0008102645833
0.0008115380833
0.0008128125833
0.0008140880833
0.0008153645833
0.0008166420833
0.0008179205833
0.0008192000833
0.0008204805833
0.0008217620833
0.0008230445833
0.0008243280833
0.0008256125833
0.0008268980833
0.0008281845833
0.0008294720833
0.0008307605833
0.0008320500833
0.0008333405833
0.0008346320833
0.0008359245833
0.0008372180833
0.0008385125833
0.0008398080833
0.0008411045833
0.0008424020833
0.0008437005833
0.0008450000833
0.0008463005833
0.0008476020833
0.0008489045833
0.0008502080833
0.0008515125833
0.0008528180833
0.0008541245833
0.0008554320833
0.0008567405833
0.0008580500833
0.0008593605833
0.0008606720833
0.0008619845833
0.0008632980833
0.0008646125833
0.0008659280833
0.0008672445833
0.0008685620833
0.0008698805833
0.0008712000833
0.0008725205833
0.0008738420833
0.0008751645833
0.0008764880833
0.0008778125833
0.0008791380833
0.0008804645833
0.0008817920833
0.0008831205833
0.0008844500833
0.0008857805833
0.0008871120833
0.0008884445833
0.0008897780833
0.0008911125833
0.0008924480833
0.0008937845833
0.0008951220833
0.0008964605833
0.0008978000833
0.0008991405833
0.0009004820833
0.0009018245833
0.0009031680833
0.0009045125833
0.0009058580833
0.0009072045833
0.0009085520833
0.0009099005833
0.0009112500833
0.0009126005833
0.0009139520833
0.0009153045833
0.0009166580833
0.0009180125833
0.0009193680833
0.0009207245833
0.0009220820833
0.0009234405833
0.0009248000833
0.0009261605833
0.0009275220833
0.0009288845833
0.0009302480833
0.0009316125833
0.0009329780833
0.0009343445833
0.0009357120833
0.0009370805833
0.0009384500833
0.0009398205833
0.0009411920833
0.0009425645833
0.0009439380833
0.0009453125833
0.0009466880833
0.0009480645833
0.0009494420833
0.0009508205833
0.0009522000833
0.0009535805833
0.0009549620833
0.0009563445833
0.0009577280833
0.0009591125833
0.0009604980833
0.0009618845833
0.0009632720833
0.0009646605833
0.0009660500833
0.0009674405833
0.0009688320833
0.0009702245833
0.0009716180833
0.0009730125833
0.0009744080833
0.0009758045833
0.0009772020833
0.0009786005833
0.0009800000833
0.0009814005833
0.0009828020833
0.0009842045833
0.0009856080833
0.0009870125833
0.0009884180833
0.0009898245833
0.0009912320833
0.0009926405833
0.0009940500833
0.0009954605833
0.0009968720833
0.0009982845833
0.0009996980833
0.001001112583
0.001002528083
0.001003944583
0.001005362083
0.001006780583
0.001008200083
0.001009620583
0.001011042083
0.001012464583
0.001013888083
0.001015312583
0.001016738083
0.001018164583
0.001019592083
0.001021020583
0.001022450083
0.001023880583
0.001025312083
0.001026744583
0.001028178083
0.001029612583
0.001031048083
0.001032484583
0.001033922083
0.001035360583
0.001036800083
0.001038240583
0.001039682083
0.001041124583
0.001042568083
0.001044012583
0.001045458083
0.001046904583
0.001048352083
0.001049800583
0.001051250083
0.001052700583
0.001054152083
0.001055604583
0.001057058083
0.001058512583
0.001059968083
0.001061424583
0.001062882083
0.001064340583
0.001065800083
0.001067260583
0.001068722083
0.001070184583
0.001071648083
0.001073112583
0.001074578083
0.001076044583
0.001077512083
0.001078980583
0.001080450083
0.001081920583
0.001083392083
0.001084864583
0.001086338083
0.001087812583
0.001089288083
0.001090764583
0.001092242083
0.001093720583
0.001095200083
0.001096680583
0.001098162083
0.001099644583
0.001101128083
0.001102612583
0.001104098083
0.001105584583
0.001107072083
0.001108560583
0.001110050083
0.001111540583
0.001113032083
0.001114524583
0.001116018083
0.001117512583
0.001119008083
0.001120504583
0.001122002083
0.001123500583
0.001125000083
0.001126500583
0.001128002083
0.001129504583
0.001131008083
0.001132512583
0.001134018083
0.001135524583
0.001137032083
0.001138540583
0.001140050083
0.001141560583
0.001143072083
0.001144584583
0.001146098083
0.001147612583
0.001149128083
0.001150644583
0.001152162083
0.001153680583
0.001155200083
0.001156720583
0.001158242083
0.001159764583
0.001161288083
0.001162812583
0.001164338083
0.001165864583
0.001167392083
0.001168920583
0.001170450083
0.001171980583
0.001173512083
0.001175044583
0.001176578083
0.001178112583
0.001179648083
0.001181184583
0.001182722083
0.001184260583
0.001185800083
0.001187340583
0.001188882083
0.001190424583
0.001191968083
0.001193512583
0.001195058083
0.001196604583
0.001198152083
0.001199700583
0.001201250083
0.001202800583
0.001204352083
0.001205904583
0.001207458083
0.001209012583
0.001210568083
0.001212124583
0.001213682083
0.001215240583
0.001216800083
0.001218360583
0.001219922083
0.001221484583
0.001223048083
0.001224612583
0.001226178083
0.001227744583
0.001229312083
0.001230880583
0.001232450083
0.001234020583
0.001235592083
0.001237164583
0.001238738083
0.001240312583
0.001241888083
0.001243464583
0.001245042083
0.001246620583
0.001248200083
0.001249780583
0.001251362083
0.001252944583
0.001254528083
0.001256112583
0.001257698083
0.001259284583
0.001260872083
0.001262460583
0.001264050083
0.001265640583
0.001267232083
0.001268824583
0.001270418083
0.001272012583
0.001273608083
0.001275204583
0.001276802083
0.001278400583
0.001280000083
0.001281600583
0.001283202083
0.001284804583
0.001286408083
0.001288012583
0.001289618083
0.001291224583
0.001292832083
0.001294440583
0.001296050083
0.001297660583
0.001299272083
0.001300884583
0.001302498083
0.001304112583
0.001305728083
0.001307344583
0.001308962083
0.001310580583
0.001312200083
0.001313820583
0.001315442083
0.001317064583
0.001318688083
0.001320312583
0.001321938083
0.001323564583
0.001325192083
0.001326820583
0.001328450083
0.001330080583
0.001331712083
0.001333344583
0.001334978083
0.001336612583
0.001338248083
0.001339884583
0.001341522083
0.001343160583
0.001344800083
0.001346440583
0.001348082083
0.001349724583
0.001351368083
0.001353012583
0.001354658083
0.001356304583
0.001357952083
0.001359600583
0.001361250083
0.001362900583
0.001364552083
0.001366204583
0.001367858083
0.001369512583
0.001371168083
0.001372824583
0.001374482083
0.001376140583
0.001377800083
0.001379460583
0.001381122083
0.001382784583
0.001384448083
0.001386112583
0.001387778083
0.001389444583
0.001391112083
0.001392780583
0.001394450083
0.001396120583
0.001397792083
0.001399464583
0.001401138083
0.001402812583
0.001404488083
0.001406164583
0.001407842083
0.001409520583
0.001411200083
0.001412880583
0.001414562083
0.001416244583
0.001417928083
0.001419612583
0.001421298083
0.001422984583
0.001424672083
0.001426360583
0.001428050083
0.001429740583
0.001431432083
0.001433124583
0.001434818083
0.001436512583
0.001438208083
0.001439904583
0.001441602083
0.001443300583
0.001445000083
0.001446700583
0.001448402083
0.001450104583
0.001451808083
0.001453512583
0.001455218083
0.001456924583
0.001458632083
0.001460340583
0.001462050083
0.001463760583
0.001465472083
0.001467184583
0.001468898083
0.001470612583
0.001472328083
0.001474044583
0.001475762083
0.001477480583
0.001479200083
0.001480920583
0.001482642083
0.001484364583
0.001486088083
0.001487812583
0.001489538083
0.001491264583
0.001492992083
0.001494720583
0.001496450083
0.001498180583
0.001499912083
0.001501644583
0.001503378083
0.001505112583
0.001506848083
0.001508584583
0.001510322083
0.001512060583
0.001513800083
0.001515540583
0.001517282083
0.001519024583
0.001520768083
0.001522512583
0.001524258083
0.001526004583
0.001527752083
0.001529500583
0.001531250083
0.001533000583
0.001534752083
0.001536504583
0.001538258083
0.001540012583
0.001541768083
0.001543524583
0.001545282083
0.001547040583
0.001548800083
0.001550560583
0.001552322083
0.001554084583
0.001555848083
0.001557612583
0.001559378083
0.001561144583
0.001562912083
0.001564680583
0.001566450083
0.001568220583
0.001569992083
0.001571764583
0.001573538083
0.001575312583
0.001577088083
0.001578864583
0.001580642083
0.001582420583
0.001584200083
0.001585980583
0.001587762083
0.001589544583
0.001591328083
0.001593112583
0.001594898083
0.001596684583
0.001598472083
0.001600260583
0.001602050083
0.001603840583
0.001605632083
0.001607424583
0.001609218083
0.001611012583
0.001612808083
0.001614604583
0.001616402083
0.001618200583
0.001620000083
0.001621800583
0.001623602083
0.001625404583
0.001627208083
0.001629012583
0.001630818083
0.001632624583
0.001634432083
0.001636240583
0.001638050083
0.001639860583
0.001641672083
0.001643484583
0.001645298083
0.001647112583
0.001648928083
0.001650744583
0.001652562083
0.001654380583
0.001656200083
0.001658020583
0.001659842083
0.001661664583
0.001663488083
0.001665312583
0.001667138083
0.001668964583
0.001670792083
0.001672620583
0.001674450083
0.001676280583
0.001678112083
0.001679944583
0.001681778083
0.001683612583
0.001685448083
0.001687284583
0.001689122083
0.001690960583
0.001692800083
0.001694640583
0.001696482083
0.001698324583
0.001700168083
0.001702012583
0.001703858083
0.001705704583
0.001707552083
0.001709400583
0.001711250083
0.001713100583
0.001714952083
0.001716804583
0.001718658083
0.001720512583
0.001722368083
0.001724224583
0.001726082083
0.001727940583
0.001729800083
0.001731660583
0.001733522083
0.001735384583
0.001737248083
0.001739112583
0.001740978083
0.001742844583
0.001744712083
0.001746580583
0.001748450083
0.001750320583
0.001752192083
0.001754064583
0.001755938083
0.001757812583
0.001759688083
0.001761564583
0.001763442083
0.001765320583
0.001767200083
0.001769080583
0.001770962083
0.001772844583
0.001774728083
0.001776612583
0.001778498083
0.001780384583
0.001782272083
0.001784160583
0.001786050083
0.001787940583
0.001789832083
0.001791724583
0.001793618083
0.001795512583
0.001797408083
0.001799304583
0.001801202083
0.001803100583
0.001805000083
0.001806900583
0.001808802083
0.001810704583
0.001812608083
0.001814512583
0.001816418083
0.001818324583
0.001820232083
0.001822140583
0.001824050083
0.001825960583
0.001827872083
0.001829784583
0.001831698083
0.001833612583
0.001835528083
0.001837444583
0.001839362083
0.001841280583
0.001843200083
0.001845120583
0.001847042083
0.001848964583
0.001850888083
0.001852812583
0.001854738083
0.001856664583
0.001858592083
0.001860520583
0.001862450083
0.001864380583
0.001866312083
0.001868244583
0.001870178083
0.001872112583
0.001874048083
0.001875984583
0.001877922083
0.001879860583
0.001881800083
0.001883740583
0.001885682083
0.001887624583
0.001889568083
0.001891512583
0.001893458083
0.001895404583
0.001897352083
0.001899300583
0.001901250083
0.001903200583
0.001905152083
0.001907104583
0.001909058083
0.001911012583
0.001912968083
0.001914924583
0.001916882083
0.001918840583
0.001920800083
0.001922760583
0.001924722083
0.001926684583
0.001928648083
0.001930612583
0.001932578083
0.001934544583
0.001936512083
0.001938480583
0.001940450083
0.001942420583
0.001944392083
0.001946364583
0.001948338083
0.001950312583
0.001952288083
0.001954264583
0.001956242083
0.001958220583
0.001960200083
0.001962180583
0.001964162083
0.001966144583
0.001968128083
0.001970112583
0.001972098083
0.001974084583
0.001976072083
0.001978060583
0.001980050083
0.001982040583
0.001984032083
0.001986024583
0.001988018083
0.001990012583
0.001992008083
0.001994004583
0.001996002083
0.001998000583
0
